0.647286479563189
0.659652161858345
0.675197779049352
0.612347221485036
0.50787252468242
0.631363550706299
0.644258332821712
0.624916226463481
0.597102362132038
0.724449572686495
0.639971218580272
0.629786752257663
0.576961585900894
0.614460548703788
0.725815303402637
0.62223041118234
0.581664959294595
0.599930929099028
0.635983321245735
0.577647571314735
0.6133559599882
0.471789635182036
0.670656162908595
0.581303331672465
0.562689429255722
0.635302693489479
0.660186481567341
0.548129552864618
0.579344270144159
0.486477593060468
0.553087775671736
0.660859438428357
0.679663133451877
0.517975051552102
0.810323080801131
0.566086994855046
0.686956628211628
0.459048257036696
0.636011436233278
0.51349514009258
0.654439246487854
0.520663095787463
0.531526789401581
0.482170965589576
0.561967665575552
0.598099847493232
0.613048087419609
0.681323137210902
0.565329936005859
0.526720983952166
0.654831177948566
0.6494732112121
0.58681998000781
0.43792070885118
0.474634070495489
0.507661665696408
0.647371424512338
0.66713455365102
0.608014845985953
0.314596293305636
0.518272167514016
0.529155850799509
0.492215526197892
0.562600722298372
0.573925282668306
0.488785297171547
0.477317952316288
0.464442231420374
0.498055692777725
0.409685802626681
0.480816376329089
0.408325386760016
0.536087320426558
0.49269533660415
0.492160583670648
0.422850924758341
0.50925079936236
0.418814831732403
0.495856105877614
0.60864222667288
0.570193732355385
0.436941596067793
0.520715451151545
0.53871426821227
0.36682014949256
0.53233630349726
0.323782588439513
0.500012932635352
0.52829904478143
0.571909945791175
0.593613065827663
0.492857874135142
0.324168544932553
0.528285973816981
0.557603286753628
0.646498160192753
0.553884013366232
0.425819596947622
0.438024503020986
0.451814347750225
0.475620732716332
0.302515884898161
0.512696638697012
0.482252906560848
0.611897029566085
0.490222898199580
0.440795318419551
0.60212470700882
0.48919266471659
0.58643120438797
0.555012424716836
0.440456677165767
0.630279782106007
0.488255965823598
0.517161388158624
0.503978516711116
0.643359466969871
0.638899276105878
0.537006112749307
0.656569473868151
0.602955960938627
0.534221846175942
0.664650318026472
0.532260218858727
0.584852782219973
0.497369278051004
0.635553989714977
0.625922565218502
0.628404910402801
0.586585572506429
0.621236046581662
0.474725949972752
0.651221488760085
0.473955050106591
0.541916645292479
0.573489920549245
0.652742376068277
0.995713070560263
0.661540257802249
0.561024223501025
0.681394296465502
0.697086726224674
0.65751164618194
0.560743697729124
0.567575714329382
0.590887807301127
0.562849102172697
0.649864347565975
0.566327395826608
0.547811372420903
0.646344082443224
0.655846696322689
0.474258341719829
0.65227736780685
0.510727678114381
0.481334351473904
0.465425124152048
0.556515565472842
0.400777038612474
0.578811798236955
0.540295175794639
0.610861948317894
0.523069361530419
0.448860817944536
0.504918233331894
0.407191037430552
0.402261555696108
0.575814413322384
0.534363036349911
0.624207885078433
0.305198819352622
0.375493944263483
0.632089465436697
0.456150257877859
0.476489918189045
0.469460199986808
0.439539913055112
0.464235174122498
0.372420911832003
0.449973442688182
0.292023818746436
0.505446379056534
0.339345660449545
0.510706887485295
0.476789768492466
0.447370705105291
0.366082110584676
0.537916747510965
0.471285610317597
0.513720912673938
0.565084889229333
0.553365850032632
0.636210197846866
0.54136245960265
0.758242160656496
0.513432827778609
0.530912724815014
0.638762845911112
0.800027143731155
0.521660065273267
0.744527084700977
0.756404342592309
0.669008641413246
0.767311012145938
0.536083960649329
0.674685464209606
0.734071722039984
0.564168177470255
0.677346956573695
0.709462213492136
0.718090009645373
0.643162228776131
0.670869435923411
0.680880408477666
0.686730880813675
0.50278841115074
0.424757430473112
0.456051407818069
0.478148845675557
0.496375847719639
0.469866453084899
0.456808677416371
0.545048493936014
0.372041602409727
0.601917165683937
0.458913546131974
0.435786288553942
0.504968243165673
0.493525055357213
0.471218813428094
0.60837604518364
0.605452363869135
0.804259560239361
0.644776483964095
0.537740424949744
0.550077179343424
0.445170833124308
0.713620783873432
0.430663496501733
0.344066365264199
0.422254730662326
0.768924919903662
0.643878843412857
0.587703422398817
0.550062271906914
0.570111409723056
0.561076949855449
0.578029212635192
0.509866672753081
0.613032143231483
0.533840394676902
0.473128411999649
0.528984931464861
0.441670106996235
0.498889627882847
0.55295737559888
0.552997723451925
0.589864627975157
0.631219728575606
0.490132291944056
0.540344433884508
0.41307630981421
0.644376991166149
0.535432202790207
0.532767644545283
0.42825364817786
0.381671215962595
0.616667508396427
0.456862844697223
0.443328075140046
0.301113559529626
0.523999422913377
0.369778861649382
0.401758601547567
0.428201465186139
0.469886829415092
0.504166870575517
0.49332385374652
0.473113171903115
0.556017562361647
0.531048961264506
0.527109504343732
0.466335606432996
0.423402755092646
0.47966791865108
0.493268649791921
0.365029287664809
0.308991358922782
0.460475383374719
0.504585463264531
0.350122703435314
0.408143850375279
0.436588328068035
0.455938452034722
0.553318084166857
0.439974084680035
0.470959777865962
0.465735559821004
0.514605675121763
0.420979478432931
0.484839940679673
0.596306840579015
0.572771823581891
0.549437351518545
0.557620495472209
0.369432914395315
0.452914893251001
0.506773210583576
0.37598660969327
0.489148861027708
0.480019255215898
0.335002800846530
0.332282284916384
0.45132195506584
0.484641000480408
0.5726186383006
0.648627294872268
0.502714599686428
0.560316035926764
0.387238187066781
0.409145637237187
0.473868019280288
0.473266760820157
0.368526003444078
0.517274627540017
0.46944950545562
0.565396011437452
0.372813529541
0.514760107331347
0.551527635978501
0.5035004260634
0.411011932536906
0.545824941818041
0.536098824819815
0.483727946145393
0.352522045255665
0.484560509091199
0.399386230070379
0.517153575539916
0.432133892877703
0.558919244823136
0.454383258372779
0.438788784296145
0.332319706475639
0.435660219918397
0.453551613977067
0.506832005328039
0.424705896113542
0.425267648549616
0.497818647223437
0.432530708498651
0.438408235858037
0.506888122930092
0.503946332540124
0.419130951992332
0.33431512470175
0.370130923324973
0.322771143202511
0.40945872674433
0.490368116944783
0.375001686303645
0.490489314713831
0.466355002164526
0.424363199927175
0.381046192504631
0.507540397067881
0.476511933756116
0.48154511694846
0.497173331092309
0.513301357077494
0.609367663768506
0.48078424044189
0.475055479617773
0.542744287850561
0.570692858020504
0.517723628889114
0.39532467884586
0.512267070642715
0.468060246313852
0.717442480019003
0.479918237027442
0.60301091393069
0.391893416547152
0.585071293883288
0.534052029039245
0.528800263678891
0.513763301271921
0.594113276373797
0.626227262974588
0.507784152891898
0.572314778315573
0.502409628350684
0.517228844761548
0.405412576627009
0.5766703795767
0.429956517028003
0.469668997656744
0.341767386498251
0.357682034110195
0.449648146037864
0.485415399614637
0.396930888623211
0.360984162013124
0.409812984439833
0.642495694973782
0.393597042070757
0.533113471246173
0.376481067709492
0.465433315950396
0.336175952870743
0.489589418941644
0.380702533572879
0.504822503592748
0.423261304714955
0.371638312516783
0.35962094103081
0.546047140234606
0.394164074832763
0.548658291285037
0.385046502647482
0.379375175509693
0.471666009247116
0.47111353183658
0.48423740598856
0.455825304098845
0.593409711966363
0.498363598933367
0.401400550048371
0.55909332480118
0.571594972957237
0.42408929227408
0.430433057120262
0.436099558775632
0.425853156017717
0.489054600091439
0.488582493523388
0.362293158237747
0.591741590558874
0.682046960775847
0.380934491221547
0.649568120879004
0.477552191021916
0.547637398298168
0.298438263287392
0.572207938359925
0.498482274575557
0.577247002639369
0.490976317659606
0.733286829063841
0.607465879279497
0.712377570823501
0.77338297337773
0.615693933753557
0.655904377593052
0.434397559277556
0.601410219282312
0.493105828249807
0.574169742160478
0.482423919510462
0.508548068088869
0.527683810641101
0.491657951556958
0.495252896323346
0.4960766076994
0.517251152801748
0.476896332894428
0.469757419209525
0.45783868346697
0.542796027541055
0.493301265116798
0.382702451953756
0.565358161283019
0.414783561045401
0.298998460441544
0.543775327659955
0.427690091703031
0.270367609567025
0.589222135189012
0.452192858741690
0.348485208029845
0.428849801948965
0.560167466329485
0.391620309877908
0.510513945656377
0.757133292919728
0.844170238175095
0.751312123454487
0.814483267398555
0.592988030471598
0.571732121355307
0.682592739259489
0.728418500401168
0.774771517468025
0.635533504242663
0.569456452877662
0.461159761843524
0.474604718340552
0.557062022440145
0.48137281434954
0.489741550289824
0.488605079594142
0.412952176126575
0.506304255417231
0.547678489737646
0.366803466909708
0.543104307977435
0.604200689421845
0.607250093200597
0.672267509304971
0.51663043863093
0.654694987152619
0.448358361478853
0.523501783000957
0.65891731480485
0.480443694143794
0.708268873908598
0.668547183692421
0.531996950569869
0.608634183630349
0.501633279758643
0.486851512644428
0.534129671771516
0.561366671328321
0.489882342483701
0.452513732140961
0.329339347355678
0.43117538498466
0.467179372696179
0.47077037073505
0.427260898117490
0.436182973800493
0.521216479540003
0.506534864957705
0.531851519266615
0.415529071517764
0.46499187262627
0.499986842094686
0.520341117209878
0.516187091351536
0.684794010135248
0.732724093299537
0.680030687830399
0.685644565034112
0.726269452053945
0.62852582371171
0.664360053392054
0.672000226202875
0.638818009733153
0.7283874194085
0.674711457890795
0.743802021730198
0.636746051723533
0.471177404185023
0.620621814601329
0.479000405196223
0.534228758735918
0.523201324906937
0.391008799999157
0.541285042566
0.672956439831167
0.440307001328853
0.589835178706903
0.534745345715557
0.514422184733142
0.447014055122246
0.475851720247366
0.338708784456731
0.525084412313966
0.558980791405683
0.48849109779823
0.550683522763855
0.51106497449176
0.608182924852583
0.554965200147514
0.607100248941741
0.563436354014221
0.488927518203146
0.589855727098368
0.447430698391405
0.548226951771906
0.317226868872141
0.410474848429461
0.477821414912688
0.334649776942854
0.461556146658472
0.379625190838326
0.261574220795976
0.394923886181937
0.535353710708212
0.387072187149197
0.352055876571174
0.437844000016997
0.47016813774177
0.626033413831706
0.568496437651649
0.83468259425823
0.666260238969077
0.362606821824079
0.672249371746901
0.59887259330072
0.705537117715969
0.671563242566639
0.685305097171448
0.627274587535799
0.685062414351506
0.570118843289161
0.56769572016926
0.490151967656049
0.480347301366156
0.405873958295054
0.443879352003467
0.434125200941683
0.500118837128432
0.45497121454297
0.559892115845671
0.482634489737915
0.51199171107449
0.513463291898193
0.653844316230601
0.482526117607403
0.573238887287166
0.585146646702832
0.620284641978107
0.518397677184967
0.608786490250906
0.645795030641927
0.58400851707682
0.504809467021304
0.50514707972568
0.441511535274483
0.436122189204108
0.432799882571284
0.464656837425673
0.603422971623747
0.452724471761899
0.285033711349637
0.402051622301033
0.387618067980452
0.372037565374937
0.440532452738836
0.500191616324197
0.525761731915479
0.604766873054058
0.359558948829506
0.365705249861502
0.392093698019118
0.575590804866778
0.554225549222107
0.697596470477698
0.597282474650984
0.423687882848556
0.495634454355382
0.520518504953825
0.492334782671921
0.434972359194681
0.485895625779201
0.354116033208980
0.47827435260916
0.353097050706597
0.536793106381647
0.51531928401933
0.492977559754014
0.577818343043099
0.509527553458142
0.390315320588686
0.420555472878413
0.533209688330892
0.51141748784818
0.623319889026726
0.363608731585177
0.59984758760459
0.561707294363916
0.548830814556077
0.489513225792935
0.481848421032810
0.468456601382841
0.402507705513201
0.493539526629355
0.377942252129959
0.570023495689712
0.431933894562898
0.242397320675188
0.401237712837707
0.688149494649803
0.475256386944142
0.437994757345226
0.349069492205562
0.576236252185224
0.540201749019181
0.490756556474382
0.376739854549275
0.543615891334187
0.530512262618203
0.692522290330434
0.647335662740779
0.487604962367803
0.382881731683471
0.549032095160618
0.559017358614999
0.419853492361478
0.370853072136685
0.594992414582853
0.471698350192495
0.399880057528631
0.525153621279169
0.533259185451838
0.529669413336832
0.559209622307102
0.337391095328941
0.51602030194862
0.379179348315811
0.527125679095046
0.567987771209315
0.52174977348308
0.45108785027305
0.451643504552444
0.419034870630197
0.444480262298091
0.423175342788027
0.500151611391196
0.592281621291926
0.514105707836902
0.458675074908264
0.592036487587228
0.585230418428484
0.28395895168092
0.544280413524299
0.54197044359206
0.436149355908432
0.496897614505653
0.401566498684692
0.415055334841761
0.47107185981399
0.457797659107532
0.538222761041488
0.629585369777996
0.518303332341576
0.433449004355462
0.479367963708916
0.546220073670265
0.502032433269697
0.394761688249164
0.633446942850968
0.587815271820296
0.601458688400693
0.382964799525205
0.623066503130289
0.440577482439994
0.554899451652978
0.396190580489275
0.476025014953803
0.531998099563523
0.545176038454762
0.471414588057331
0.395292897883389
0.449034738070321
0.527354788696271
0.548547198342294
0.403171031032785
0.490667053945206
0.484092341763661
0.481968642871492
0.267589887477464
0.526188723263915
0.388176675393903
0.312758336137488
0.479064555853184
0.48711680689666
0.487788065986112
0.403016777955501
0.521794659771995
0.566211583832363
0.457082143697379
0.591257091549441
0.442474381608305
0.534104192481462
0.444204022391631
0.513885357071422
0.522815211613529
0.417731723140380
0.458524261396146
0.551305812868947
0.544328594506971
0.557864546662484
0.508842189999435
0.516184524561213
0.751471545863332
0.626996946877028
0.526288652355224
0.787120612887003
0.617418655026018
0.614783904597706
0.661678997701468
0.677128413379161
0.693830991098243
0.624846553634461
0.730151776635891
0.668917852864648
0.556406130211809
0.702843427709019
0.748777710930791
0.751138385013671
0.703652842523622
0.772334398112475
0.557877338515931
0.755459334354039
0.644834814887297
0.701734251667209
0.639608389446978
0.55839539742813
0.811425121279851
0.619583109237876
0.79133766557426
0.779503544382407
0.755215603739828
0.331160728644516
0.385425791169632
0.40769617167084
0.478751073349654
0.535775486013341
0.526541973114686
0.552885013829817
0.665172338291054
0.507468591471095
0.532569274261262
0.470754814058656
0.45832056114087
0.478780083612058
0.412482238836254
0.343736729725876
0.486352222294816
0.4994642424636
0.519312796739723
0.420771678001469
0.536311162086264
0.434026975760461
0.266045008201695
0.471497096397416
0.67005002507831
0.292763130460304
0.344475211591581
0.511977320765857
0.562843344476563
0.409839001487406
0.55464863303433
0.388749845935668
0.56933055895723
0.55552475788542
0.521310356134264
0.531206466068412
0.519015679613479
0.447957147019505
0.478920017419375
0.521772244680802
0.47167147887807
0.402629944672917
0.448307655774382
0.571796126325424
0.603820167662268
0.36966070361008
0.506415348518771
0.450672175403678
0.338334374739917
0.463249375250488
0.466543743665354
0.488068609163746
0.303229254560059
0.496246391675574
0.432994233626524
0.475665192510352
0.347212761440416
0.460230361108569
0.413656489656875
0.437678678097753
0.394256001968001
0.650666246689393
0.365475108548539
0.422417224877371
0.393058082696597
0.470890842890824
0.64590777198295
0.375641345541104
0.532057627327675
0.455257724964023
0.501644447084524
0.527434743995204
0.621508176647875
0.369753898954210
0.658106131870365
0.540037669116953
0.41831258152195
0.511858776815504
0.700633563225163
0.467480998516602
0.626291057761614
0.515218883695961
0.543226189658478
0.586614005060661
0.616612552972251
0.497641677629144
0.547442216791463
0.46244556788153
0.729234992120377
0.669886346944304
0.772484086116617
0.80472886180114
0.93783423210361
0.756517419459618
0.941973644785727
0.714548095047272
0.694013786584322
0.589751918090876
0.587415834419621
0.498810802136731
0.635758188393208
0.65195498731828
0.564336658440335
0.496300464609624
0.492805855855512
0.545707793410383
0.456644461718368
0.534431525252751
0.64412639033108
0.525862457019304
0.587827646591998
0.54087027993788
0.577563029294551
0.538123443686005
0.547221936306265
0.416184315233138
0.482035729071828
0.596140341927472
0.586481710911142
0.561864964060067
0.459513607096039
0.752414703715874
0.557130146590176
0.574138572335686
0.66490904935384
0.767875560002236
0.628968601318345
0.819430844678337
0.782101963453282
0.520047063691054
0.598106303143249
0.786678471800092
0.683760209254808
0.796143116747307
0.652910149552673
0.630809935020449
0.634228276720157
0.582805507096936
0.637651171080693
0.549142146680884
0.551491158982497
0.634235579060309
0.640243644433126
0.568136880743585
0.791555988591043
0.535945138766173
0.737007343349615
0.627830653217647
0.702193482018751
0.637105099105549
0.618865061296644
0.502814675486102
0.520922765789849
0.553986825840248
0.759593492345549
0.673848346806474
0.651694014896839
0.621542489445018
0.54517665962603
0.512947362099741
0.7156780956382
0.5598938012724
0.635449220933181
0.57278670300805
0.636702560443429
0.424757622852574
0.582176184778796
0.606188749820683
0.606383726273399
0.564180101853859
0.656454907244182
0.61749172460649
0.42203720041035
0.520133529394915
0.557889180293692
0.611080056979736
0.524947792869685
0.684033996406955
0.523187474911746
0.357466944587369
0.378519675524456
0.440215088210857
0.610408922982067
0.4073360879011
0.437042893264229
0.51201537595781
0.508629348956311
0.610696459620424
0.60970150276184
0.584077205222159
0.331700757385988
0.523604266826822
0.511827490062306
0.60528147126057
0.47598739153183
0.55546566153133
0.357882019126638
0.577485744067015
0.417900833705523
0.649987967288014
0.314721240608368
0.501303103430139
0.397061456250907
0.387187988225339
0.443244553804628
0.425824693414653
0.367065430516202
0.580887102674936
0.71030347054671
0.712314435390987
0.496203357905188
0.44796485825469
0.604559683846222
0.56994368382697
0.552852290630653
0.491332375867278
0.535340462131757
0.539380774261638
0.667552294620396
0.464216564033411
0.413759518000195
0.548647924313445
0.35019557297829
0.357714814708856
0.463004471201098
0.517596430825382
0.423007624667658
0.458132444488339
0.473484576170764
0.627442129722283
0.863947047915944
0.700941049081275
0.84730519652492
0.700548191106998
0.769008109566087
0.693832425720672
0.782575052498104
0.577360955447158
0.645180496380171
0.834792940331682
0.735555022526852
0.79298784395819
0.613558948117644
0.653833432853299
0.673940864444508
0.750935909236278
0.765431560731299
0.780169034440193
0.629263967457093
0.677475334440421
0.774437097561549
0.58588473559951
0.668296227808341
0.63723327434766
0.779778673276269
0.573778013640876
0.586859915317602
0.651314392037134
0.493473016526105
0.673010417928316
0.66415839868663
0.888895749964465
0.740157217953803
0.632929730445732
0.802029174463446
0.499177383573275
0.741408260790727
0.751177835452
0.551569237952284
0.506505223869288
0.724727187971983
0.730533232462927
0.68983634033341
0.608402307473547
0.645013200936873
0.662168312858716
0.67591963797908
0.927577468338511
0.552309893385888
0.748390783942268
0.699690792895408
0.800345276185751
0.684845198020661
0.588443962443489
0.834329332066472
0.469583385872657
0.690358241715464
0.772459208420896
0.772127196463481
0.709525715934506
0.798525024214599
0.698610675041585
0.644238525447906
0.482842157713458
0.686580079502886
0.685763086537713
0.795987438660215
0.673281860351334
0.626752044608377
0.594995170222542
0.634758474422181
0.238623933406657
0.446245184737062
0.55222075022676
0.51153546896086
0.65118945494662
0.828921826050161
0.690413214542115
0.627253047586159
0.415467315379163
0.80742427558891
0.553309172832649
0.586598355839795
0.556411172674645
0.482396449996571
0.52396041910628
0.627193056709593
0.625221326945917
0.548642682621108
0.583844285895107
0.629515879874578
0.997387863270727
0.659657258330321
0.604758601729398
0.507369022999157
0.681857865011516
0.656192069366201
0.635780610082227
0.775860419540127
0.447479210869735
0.489483989645987
0.634315003228875
0.680925851755615
0.468851411804676
0.49820459428532
0.501022575968645
0.63505065838121
0.687878657493035
0.603000278068172
0.616528248171509
0.608309417911844
0.679580826818562
0.588190902450009
0.542700439404488
0.415679781260998
0.736235645393766
0.457447355780438
0.568095172651232
0.397296870292336
0.509192264497018
0.49285359201429
0.388757394506958
0.610874050895372
0.455114378998793
0.412841054720971
0.428650345020135
0.400203243432521
0.576508987010505
0.48533399557291
0.446123654387696
0.491071200206269
0.871044170841729
0.718050980525767
0.647779699917892
0.783012403158385
0.69695642601122
0.566300553037311
0.567423934285691
0.68370276198896
0.466178654523528
0.344800965703096
0.510294926365104
0.357929191319274
0.525869617530457
0.348833125467627
0.387188741318045
0.515966309838742
0.407944140734497
0.378066257756068
0.372021012691309
0.434207440576996
0.481053041698123
0.577067085619298
0.709260773758144
0.65155169992074
0.600906858150481
0.401978941529585
0.522941898034846
0.567720818267136
0.446786493170229
0.450688664172915
0.539702781334933
0.507711007923952
0.504566636312633
0.539920426664689
0.361465444752925
0.437563453841276
0.322166147196293
0.62523519717543
0.467605083927644
0.350938643400667
0.460148780418206
0.587028267995023
0.559864863513225
0.386756239324514
0.548739399740894
0.472851254292059
0.483313454680485
0.490344913630048
0.49946388030896
0.51112318822839
0.531888706879759
0.487303260372872
0.498972153518263
0.552218857117773
0.534445033862929
0.4184055354306
0.496644658141758
0.479677564719572
0.538662516609118
0.585063792999712
0.620660623198033
0.665716630218254
0.571234831499943
0.60902689039002
0.586693411039003
0.747826273566666
0.578851568562012
0.46901089195439
0.737039243892347
0.634086886025829
0.520396428824769
0.500002070725757
0.508976837944933
0.579286076607329
0.601414939470154
0.609868084497477
0.500891018067885
0.58990178654232
0.721929109793329
0.627880231443848
0.612653406210508
0.581492241965081
0.595851071728358
0.427764375499152
0.703008647051328
0.683250710155624
0.636346300248509
0.526556549894917
0.619259961087076
0.626200331730998
0.480624107840452
0.415240783171123
0.491054340270913
0.532062038067367
0.559766936980094
0.518963631593471
0.510551743966042
0.601508318387638
0.528386518646803
0.428559043283614
0.561937042421207
0.62563572370191
0.666272953017662
0.545261987089172
0.39314256879647
0.580712394497938
0.611947664267071
0.584924026034416
0.534787181333263
0.733066472053825
0.573921408326241
0.566950663600163
0.644257606851923
0.551059266140635
0.489699816266013
0.51585975099684
0.736370830527587
0.685736010951143
0.576608161385115
0.588529235677607
0.582378534473655
0.482991193875324
0.658641824327437
0.631107770926158
0.766815939150735
0.86310923895675
0.842102970394557
0.60526764216568
0.542582106215631
0.520717851199304
0.479115198203889
0.565209194345478
0.445224986615036
0.60035190701319
0.445803018549372
0.428093351105628
0.535107539755184
0.503795392270087
0.542014688895103
0.456477944115234
0.54684303979833
0.471440425870326
0.487636839628115
0.611333245080188
0.493298338561417
0.629380342684392
0.546151569112809
0.455521978231707
0.602045841311705
0.612869390034019
0.577701113825006
0.524638575130034
0.634733156670097
0.68008045149577
0.705617186303582
0.554053258235708
0.487215976575411
0.453669320575215
0.468812554825154
0.573684167726067
0.650646750832392
0.536734167752797
0.534051390396517
0.517490643152337
0.65146688466919
0.524560100857668
0.724290443406659
0.645813170672307
0.58805678462973
0.692056326814489
0.598074965300446
0.380232103495465
0.502418935706503
0.566273805035051
0.664148738110007
0.65023126112579
0.488497718380836
0.580303419424316
0.538750384862944
0.565796679287226
0.624432030223931
0.688683265301335
0.552973658518595
0.593846370288337
0.575806595254884
0.573415242380458
0.466538660784248
0.564424221285457
0.516946234110168
0.446779977998362
0.583524224432345
0.569495490151319
0.483303118265012
0.547508266299757
0.436423286664603
0.513031301590417
0.351482891886214
0.45438356962233
0.628484072150371
0.400381783654395
0.524236631310027
0.49545661826713
0.539739653180469
0.51699442117742
0.52860790652616
0.478051128876742
0.566598104496714
0.636010190748962
0.68774818173696
0.63222675128262
0.713215404367885
0.683843409029848
0.602108414207219
0.614047061489025
0.613401487919898
0.733063941622695
0.691276119473919
0.850725749819714
0.745684556756367
0.719404058295672
0.661666861372036
0.658855377339413
0.812523070709376
0.486540771413447
0.729704173513295
0.649594513195151
0.764269370575277
0.678581501289473
0.571723307233989
0.655963078129856
0.473865626150396
0.517494508386908
0.443914553274153
0.577288817801602
0.674813950518638
0.458259794965533
0.74616335714544
0.515916503411668
0.558491079377908
0.508903440064623
0.492726802753934
0.498241406624731
0.578863806860589
0.628710418108868
0.391942689305198
0.366316212501755
0.64174430657979
0.638514350850443
0.547085281572878
0.574278051983951
1.02756434909016
0.602485364394185
0.589116884588771
0.637449014809321
0.669789709763957
0.519329225040898
0.320494861779294
0.368433052996398
0.501806032492129
0.558622198278482
0.307253939029028
0.429455506362542
0.45358929332243
0.440900618586519
0.515411277028876
0.460289513448391
0.615793060177779
0.379080155883028
0.505617200423053
0.491341406243440
0.52622116386244
0.423286194734051
0.508034094207987
0.39711622206755
0.416456905751607
0.336958209824527
0.413355638561674
0.530256009309423
0.52061037420835
0.534405430256852
0.346159128172574
0.17254110918994
0.544037434095304
0.472191868878577
0.58337255779668
0.456199453746654
0.471908032226892
0.595977781435385
0.467233770495207
0.394027305787947
0.425892387387148
0.412563726694909
0.531920679923347
0.493436135581672
0.671450004639289
0.41165350236085
0.540642723427781
0.240992241417976
0.500352764360329
0.467169743538551
0.479845581602625
0.53718014950244
0.436338987883323
0.437271086941051
0.406852158120442
0.390835250108149
0.643343147208266
0.425393833525629
0.556266507313663
0.474671399679146
0.356440975909994
0.413058149323072
0.46198778778125
0.420536866439972
0.558470152975865
0.564248669602416
0.59880873933799
0.495235360686973
0.532379215218806
0.466259069575809
0.540799991786619
0.530182792349545
0.556545060177096
0.556688162106083
0.48900260784214
0.504579320902022
0.603601499911857
0.516747609110327
0.419307835395776
0.529927106240155
0.430017389062627
0.4413308197527
0.50857234430533
0.423271558129597
0.39930147253853
0.448417070594227
0.697382755603579
0.615491281107277
0.5886943424304
0.572026361341814
0.547354267588643
0.627926471095889
0.53557868373868
0.546384478828572
0.575716113993974
0.550419684790429
0.539607289580934
0.265208096899784
0.475383284191317
0.560706752287378
0.51363094377965
0.622236785473542
0.360540951982352
0.474812366036708
0.534722436751513
0.476245536423426
0.552417769162517
0.506876927798384
0.40980744218762
0.56856635958681
0.51250711274403
0.515662211159186
0.587691369165649
0.380043209242304
0.565985930520684
0.51360223945514
0.53341070472372
0.486814896245262
0.568543857901686
0.521299120658121
0.589373545223028
0.61779371943543
0.573095787148136
0.460229673037942
0.517255778386375
0.600159986644526
0.569734627804008
0.509293762691593
0.384539383017763
0.347458728081151
0.361212778851198
0.415337981546439
0.40127126547687
0.523157525363975
0.377676361737823
0.41103012663609
0.354406291376135
0.458792292938951
0.491058161740689
0.57012656163788
0.416390216457125
0.460015246861397
0.508375100394698
0.438226986236546
0.399809726025258
0.408371483218797
0.356194472899888
0.576400099986992
0.431666149936822
0.385065400862452
0.418880027895194
0.375608300962444
0.46684056064554
0.466720249932254
0.591617326946084
0.553583827973478
0.498615543806589
0.505944278572976
0.494593837424185
0.595963899519056
0.583370623737393
0.589156846970595
0.404488090026941
0.710609044391877
0.477810873268745
0.494255572869379
0.497107839207508
0.584826393278313
0.515873664201096
0.488155033413237
0.489291240737777
0.445701307735989
0.58868245237959
0.410290187579588
0.507396056281843
0.544165933748467
0.619087751897151
0.547215846162194
0.545217345006852
0.466132969942592
0.451169920971070
0.394437099467295
0.332944768960297
0.4385289516277
0.542302432389866
0.455733552681625
0.580311089339485
0.599788788489316
0.453838582790452
0.556795084068016
0.565605204126069
0.38380471599216
0.51587160109096
0.630966043570282
0.661724570485552
0.595999240545705
0.586151556314738
0.716320693775945
0.75948338746895
0.640578723327556
0.772416334734832
0.679098417076306
0.609141674078923
0.623959207432396
0.6234586115955
0.67514202011001
0.581019877594743
0.515211748245287
0.417365674281592
0.277625714875568
0.391079083135091
0.424753380353192
0.44552273756358
0.530160568866787
0.310726181462669
0.636708355305899
0.434401606706947
0.385014155743413
0.413023728381329
0.565313616902402
0.357432175146255
0.389583787233917
0.523211909714244
0.509316059375651
0.626014868459292
0.529425798673966
0.782515711764855
0.54994495009094
0.453084291548705
0.525245284969316
0.494188047883093
0.604138396129433
0.452209763914592
0.490916098384871
0.463857445613883
0.692270925690983
0.511153272926884
0.617469606548688
0.422323049455459
0.521061555604497
0.468173029666067
0.588610560319209
0.442131075385376
0.49419079840179
0.488783525853799
0.685296076552142
0.536862272715089
0.642748941720305
0.419087873011028
0.560608829395388
0.603565264737162
0.549733669093871
0.420771760796101
0.368641374586946
0.415428327497119
0.475589383507608
0.493426906845609
0.370008079995036
0.498993607950061
0.522286479182229
0.497915493994997
0.66812598444943
0.769272319693834
0.59017429273457
0.648351345065547
0.607347596773644
0.635013831150749
0.64831558320861
0.804816457356839
0.662077536843363
0.708054389667029
0.611886457887614
0.600828416509025
0.758527062578365
0.68227192104961
0.714113489263613
0.625359689073936
0.53644045390837
0.466073438860809
0.62859336124408
0.56731932441909
0.587556024819366
0.522376994854828
0.454888084148662
0.565711329988082
0.457499143133082
0.498816659647156
0.511673312985084
0.551614507665595
0.465786587672101
0.529965674158557
0.67179791111705
0.73167032588831
0.606383520249823
0.544774127953856
0.720563816970008
0.489021651534667
0.57527156280475
0.467066026909648
0.50657967625678
0.521525925731902
0.367340929744723
0.481411130392746
0.56601311729008
0.574080528114983
0.564703997035508
0.499728084100031
0.643056785450707
0.588674641777947
0.498734130439128
0.68551700395433
0.479352302357495
0.614977078952129
0.52914500648727
0.550207860752454
0.414632707230366
0.433468201213117
0.435146732358241
0.421208492012945
0.507484447063643
0.373172437838262
0.584806027930626
0.498753008891753
0.512675989418131
0.544979078507506
0.756655822258959
0.784946633320755
0.67618568613523
0.721268835937066
0.520723651023559
0.590245562977333
0.649469111324397
0.565618694758736
0.550297660919648
0.55515699290321
0.491401835804162
0.528636783556075
0.423835310822351
0.630921171618292
0.354198805133905
0.442555004029176
0.575671965689046
0.429553688357664
0.57396500196839
0.521302376652966
0.531743233665164
0.409160509002434
0.451629737384790
0.3942976010346
0.550786690561628
0.402257549532472
0.510575393532906
0.573067564519331
0.380077281267698
0.497305110934806
0.528243263469778
0.456201558150497
0.556228025904836
0.406597752371548
0.477377390756211
0.456265607116751
0.520833914078219
0.56741500960998
0.569012761157226
0.398394575107395
0.528150719692687
0.609855145454925
0.487615534162667
0.530867122332461
0.538436015498848
0.487020788161207
0.576642683869667
0.597989443622437
0.573752318884888
0.537487553380361
0.71921541173841
0.544240460957144
0.66238544733333
0.534428684042854
0.62196025215555
0.489215317696605
0.610897037491606
0.672830143754424
0.524527149918391
0.668742646545125
0.592198568856796
0.635323431236755
0.60066060101807
0.515825903418596
0.670301460905108
0.582118762338171
0.491258388287459
0.435528753408169
0.42222616348011
0.452170147056756
0.623774126345466
0.493559387271221
0.401273933465352
0.567315548085445
0.296246343199009
0.418446812222691
0.365006573042432
0.397751484327628
0.527551040901406
0.549039404183987
0.3593130921814
0.540896123763998
0.514170677671085
0.437835150205438
0.409461288815992
0.424594531495181
0.555132667818117
0.401968980559205
0.49885905712666
0.343579795088729
0.533572069163528
0.389696380374558
0.362288245821354
0.402178317064333
0.311892559000934
0.486449805361342
0.722768154962248
0.860942381941919
0.72563680142398
0.781611096969781
0.77757732754889
0.596865514858896
0.662173530713926
0.599073741144525
0.738475586505651
0.620545738624018
0.772596716064217
0.730366606325362
0.701008280280227
0.679672145506217
0.578503722958764
0.763750558066735
0.772759812116286
0.700691820472373
0.697920802768238
0.620879719567582
0.733348387925626
0.525996718550426
0.750327366996036
0.72883824003343
0.614816177326886
0.60416893026473
0.718906943061623
0.644892116805532
0.614660986150371
0.660761921980579
0.498387452967224
0.555247460948794
0.550790952281204
0.629327840046688
0.621418851472015
0.446910529699113
0.476061716350633
0.449725816524506
0.340669898888996
0.477954316879772
0.566814001793056
0.489179320088052
0.683230050605669
0.58607575907244
0.483656189400117
0.419718472423261
0.558307007657521
0.479760419619035
0.514637056224832
0.597833536283616
0.663317262295848
0.572489881299759
0.650015092901874
0.688594482501334
0.727201440366266
0.590484926525628
0.561116864855285
0.535138743392097
0.631336139631588
0.566457860764621
0.613144446719834
0.379052774887459
0.50867344963874
0.578525618292938
0.472296397310945
0.584620901307805
0.376487983817486
0.352981931553144
0.451475750744506
0.642197190481612
0.399727945993032
0.585947236119721
0.469982187013422
0.53822310800363
0.596752486536821
0.561734635465131
0.638566572390848
0.477231171428289
0.491854726004561
0.412383601804175
0.501969954500748
0.587245561980444
0.602894405266816
0.444967959036674
0.532934990184918
0.363019137085743
0.508215805575734
0.584916187753962
0.507333421107714
0.471216450601799
0.510533292689848
0.474750113496894
0.509238589893548
0.483873583104088
0.554441582930156
0.499683771591645
0.353303745419952
0.48674151408967
0.39575782392682
0.53902784554352
0.496346649433134
0.360204181619856
0.424784531816387
0.404807201748369
0.635914113456755
0.610117623538575
0.866255895702618
0.754990647079388
0.697218768542291
0.548377029415699
0.564113531087098
0.507970582018339
0.533914313828325
0.463846033432124
0.507317273520353
0.43478798998257
0.412179334726722
0.529564577622667
0.540725997036539
0.339760882595521
0.422457120314202
0.428057825088428
0.465521312735094
0.472803306410242
0.502984920780880
0.527261417929496
0.468945342755067
0.52938323617594
0.469422682782835
0.443767489485267
0.556189286431056
0.323543252037085
0.561541397347948
0.578212628228929
0.426184031754979
0.431251301800065
0.502073655274640
0.573820956244627
0.65504852560602
0.525766531018986
0.49065569241668
0.511988030539654
0.558293357145507
0.739956644945827
0.798895913675982
0.889897662714864
0.679594270216879
0.58740575412356
0.716658182718766
0.693937145519702
0.708226383990506
0.622079060073974
0.624665358342805
0.787756093475455
0.654344477245476
0.602503923072512
0.595851276121527
0.634106800233179
0.682924906251561
0.566871558509283
0.712232262631441
0.715718658005523
0.579254807355106
0.610303520840057
0.444020820203423
0.47287204962314
0.69990963017938
0.698402687460063
0.724459952573367
0.571483321142673
0.495539513633963
0.487143148336122
0.593610252643941
0.830463129032206
0.627852746812112
0.498856419267674
0.669063874596693
0.61309315621957
0.533439123307394
0.387563713924464
0.651414053886313
0.573989093980242
0.724416447694567
0.774263363975912
0.68843304203785
0.678985810748246
0.531630820250753
0.650709637166343
0.596667860574936
0.455815651042634
0.602652135291138
0.510365081959755
0.59511188533885
0.507839298326563
0.562665002687801
0.578673228282624
0.452458317466158
0.496380070442354
0.483209290591024
0.506944806554947
0.495832766864344
0.600696605500903
0.523216452083765
0.658526881100955
0.503853461789275
0.595727337594491
0.549402501966466
0.535262157998997
0.455249450572633
0.587756170805549
0.345455034385582
0.395570171392234
0.553630858563365
0.479187185188241
0.461785522409791
0.619289814554639
0.655145563968902
0.547638324666739
0.487393095471988
0.526037806059025
0.419673157403559
0.501104865058522
0.538246373931115
0.513579444013072
0.487345377091993
0.509063182021312
0.55191185100466
0.434603724168274
0.496605316260522
0.368162256272222
0.444085749735540
0.396664238139988
0.4340613045417
0.558826777991109
0.401616892679637
0.385386279753758
0.53860178585106
0.410311839420916
0.455315495014498
0.399116339071812
0.445823908128915
0.613743380521579
0.448153337180226
0.528701393813907
0.518677308655549
0.435443437313997
0.342059417561734
0.516262245480291
0.480968095990684
0.488091975284875
0.464864281869886
0.488948620417188
0.426943560770377
0.496175750546792
0.471593808582137
0.501973531631147
0.489687215975297
0.541884472808377
0.552717049755419
0.506238033507156
0.411338499439383
0.648150073362464
0.444711039929632
0.480279409720619
0.446665646800221
0.52236621829826
0.512250432012013
0.596985702445566
0.445336951110396
0.453821714627532
0.598036467193595
0.646884950504723
0.516141903662002
0.523610386721637
0.617604361797016
0.714996362926473
0.566056919972928
0.542615476107482
0.417798616367507
0.585015255914243
0.72011323603495
0.762457116074238
0.657172357619364
0.678877126518515
0.726164747021526
0.820659381297614
0.73167250177706
0.571786334704827
0.66618080936522
0.58618616547103
0.716630288200204
0.639353473062236
0.78421197306899
0.6065047984743
0.734722582655893
0.586796875125233
0.713725224059856
0.598697014814489
0.578616027813346
0.620598542503007
0.442385278255672
0.501661666538295
0.769564689672775
0.751116204990965
0.562572442495496
0.758365352966698
0.713101671947518
0.58953867625954
0.484839000640085
0.497497739339715
0.579658388742832
0.528116777625198
0.516330736709141
0.615660149422259
0.581959635009845
0.546972871033478
0.532753565890348
0.533956434640268
0.61191316725552
0.557402568679959
0.400822907249495
0.502233023768074
0.66849691731096
0.611009751498454
0.611915167747628
0.668589811149415
0.484773650877463
0.483932218919669
0.401158042334917
0.456897757885191
0.529338455054917
0.562842355928368
0.449188191434910
0.58095775547792
0.558089845493793
0.47674256639829
0.484941809628236
0.539703924904083
0.564381766323101
0.528339977051394
0.558892630467442
0.78270640898008
0.765023196421109
0.677501875122755
0.55060126644358
0.6127019995417
0.500978681612058
0.649872026459319
0.511062365384341
0.524428898323664
0.456578503481761
0.447347527707209
0.459258641810541
0.464558035245257
0.563359554280024
0.628034220300125
0.540723162275431
0.445458735922966
0.555666049919825
0.397678195902771
0.491365681822565
0.508640768845753
0.374240272881231
0.700628178098445
0.57529724430983
0.6076726735861
0.670896463559549
0.914498268891348
0.766498661760914
0.630155850068116
0.665122113102766
0.622645748207043
0.610676512095252
0.561319053197815
0.572405023025044
0.670775784916152
0.541748050619597
0.58362462519165
0.671821745924719
0.625893532632813
0.589691586956278
0.646803244441758
0.457493252916901
0.548176242994815
0.582212596506729
0.673244976931457
0.467896980420812
0.649757806151778
0.447369892699483
0.588534443280936
0.516140571527802
0.688202107710327
0.401088134146322
0.524490095938024
0.352772656947592
0.639284245498558
0.459252404467704
0.504413848709624
0.648947382268059
0.573714856192741
0.505814626744452
0.465360042555534
0.510623014285987
0.371422011596071
0.68174685658772
0.445316205924882
0.565986561718056
0.685283396773412
0.46602022676286
0.451085780216497
0.350814589367420
0.527808995294097
0.641701985730234
0.560047983571997
0.432785365696138
0.592587092320271
0.432410214143225
0.544949482150084
0.506500227646943
0.497487902967679
0.441137300148933
0.259511422536977
0.306008982312651
0.573955837622061
0.610789249757492
0.656781367813595
0.435543389011057
0.656058524224234
0.470947966937833
0.641116291985868
0.55866069169261
0.375580476611903
0.516986467561297
0.376052945778322
0.603155688707062
0.721144107739605
0.796165135107345
0.450202673908103
0.426118953889898
0.488262130150348
0.440317678030233
0.532318702379313
0.300109458848005
0.50108667896226
0.488850769316878
0.615884563675539
0.681790201165549
0.497291503094713
0.443666384495392
0.552992088144625
0.428681565690264
0.274466552200017
0.54013043524434
0.386849305332962
0.791255480021734
0.738800416622149
0.644958084618674
0.363127754623244
0.559688949305184
0.703145220217774
0.567135049284881
0.421037879456379
0.633443687096344
0.375724442655656
0.519488941746234
0.478530990140951
0.369572567937614
0.405623649784758
0.400779492321198
0.410532282871034
0.480741166380176
0.528441616199176
0.53848858589579
0.5272818394792
0.28290636517064
0.364318442436742
0.535088136643945
0.640837731915034
0.529063496417822
0.500007372269065
0.464280117305784
0.55149587491168
0.754194975312932
0.655271919503153
0.806283142707188
0.750235070053517
0.647753441302185
0.642513777409432
0.648386186241023
0.593221082865183
0.571233145602053
0.473675691520364
0.690608080861832
0.469381745985752
0.725886712557713
0.613006669188075
0.61216254919882
0.595372156046195
0.389531342599945
0.443625405269974
0.49048780895867
0.538033295417217
0.697837120820301
0.452244281088966
0.659379763014063
0.674275456403572
0.588336666589214
0.662466602248044
0.751038210116428
0.586848615964881
0.488863027330829
0.472353870699873
0.559063808018333
0.640769368263612
0.627711690238384
0.465575925875299
0.714511400349329
0.441486145202231
0.721819953272744
0.66631864329204
0.806939313078712
0.722355918154323
0.792712296334515
0.669778271785739
0.613443673096408
0.535023997470273
0.668561120035104
0.667576963327734
0.468159424681266
0.62619671665194
0.863646532055337
0.784483807724301
0.604165190831966
0.618793038536398
0.675772555658407
0.53779567295511
0.76549201697559
0.518702454142267
0.71546397238054
0.488638119181299
0.432074190038803
0.724654306183171
0.789463455419297
0.608274807629294
0.377755106572383
0.460240919215308
0.504334735921364
0.553202879338998
0.456496057633268
0.683308485668171
0.440280499398817
0.468368750118038
0.538207236414573
0.449350361612555
0.60544665766898
0.501402000988857
0.568893615390353
0.595319827811954
0.474167926462474
0.484003934420604
0.61878185104269
0.489458561807379
0.54799823997275
0.497967611382014
0.614169150137989
0.51294266550325
0.574176069269058
0.752084684779526
0.58547342555188
0.398004789144751
0.437868043682115
0.620317602656335
0.56176636723295
0.457425506139882
0.598952805308534
0.573384183160858
0.773584536538238
0.656005470337482
0.570318860620308
0.640507705719838
0.595917058436002
0.540155596758401
0.551695700582114
0.376978852307988
0.576467063344315
0.431327847201004
0.457165157262013
0.307114416066309
0.578290855963781
0.58093066545197
0.51325085686201
0.581000836625054
0.523820896696769
0.405526611378052
0.402975540370851
0.78445559567768
0.607075239980405
0.528581158520912
0.482532079444162
0.223292655667616
0.358495231112668
0.518580339395247
0.442213670608466
0.445349961623273
0.597594593191773
0.512511594383264
0.59718620078282
0.517263593005553
0.52854959598854
0.69325080910204
0.517065877889883
0.415990983736975
0.589866444830566
0.674682492919083
0.653439111473296
0.50991207584002
0.397971087931632
0.542762506676243
0.563869637731766
0.64116862302991
0.504853188379764
0.53169367482631
0.615210991546072
0.570607894419334
0.557486074080295
0.513921201012176
0.612339113596982
0.561493340312456
0.672284012084944
0.556637318689414
0.585435550175117
0.529732027734892
0.605414044748804
0.332968891016932
0.629500277176544
0.622763396453192
0.551273622943486
0.484384914553506
0.464912160906462
0.556856831912997
0.642360843304994
0.608631449303137
0.561600030498193
0.576747639287116
0.322037555768892
0.46744519713113
0.575250778044896
0.514684911059975
0.684226036638547
0.420217893435428
0.516410827976833
0.407872032845249
0.582719503543785
0.680703400416366
0.395696802789143
0.836638934505912
0.548344712283338
0.499045626042629
0.627479929655051
0.496248949051135
0.576508126698458
0.57039215318515
0.439018192690225
0.660178356283825
0.49567613590756
0.524939011212116
0.500521233425841
0.76179828935906
0.377659710230536
0.760171880033957
0.600910137755048
0.572978807159894
0.424092757508001
0.594463773803918
0.677789080255237
0.531037476896988
0.361958756877039
0.54259404331912
0.334061430183622
0.426978579454018
0.553401809814883
0.610458523367794
0.410632121976413
0.418932958613792
0.587111831571965
0.484091067157859
0.671855882860288
0.669899748111022
0.560824518028487
0.451135838571321
0.55127767218147
0.61347199379576
0.70859938199163
0.479051102878233
0.475334076425397
0.568855487334766
0.541577224317239
0.6162687556522
0.729158095254024
0.431061514737448
0.660880017968899
0.471473425141696
0.723963443762498
0.712055688816248
0.642532835269058
0.485553507620904
0.592513246248001
0.540375675559089
0.517280028588466
0.510928414085275
0.421238247456415
0.529707609460412
0.434457543508529
0.492697355779739
0.566926677232391
0.377022147551622
0.529622497898716
0.4794129996703
0.317957323417571
0.506781241627878
0.492001251946629
0.530067348552582
0.572731625871102
0.437468226093111
0.452866731091173
0.498220613107656
0.382379000342055
0.319567766974635
0.443339691785838
0.508654581385923
0.496793603127209
0.538336166837619
0.523978822832173
0.53002472182394
0.587978140993682
0.409604444372676
0.515490437612007
0.719465905268302
0.452563718120198
0.3847274149036
0.48395384858145
0.613369304945701
0.599266840633191
0.612626767747489
0.491287436172724
0.481219821393964
0.525709388146823
0.623985342144568
0.508769096760415
0.653060076311492
0.542419928532753
0.604881279899058
0.543245406195675
0.496701229535473
0.728814450799905
0.61917536545487
0.697179985720519
0.606416871801487
0.592972304507787
0.649979717558609
0.68035063996283
0.714657561028976
0.441876512125425
0.654441444474354
0.639790179544398
0.72672041978545
0.623243293946703
0.748077405826978
0.726837063812845
0.753494756679742
0.536479086856606
0.583005094722364
0.560375698966281
0.479087306856396
0.60351080616025
0.519172987045814
0.636097395760531
0.508642258937712
0.404100884774297
0.505343455185318
0.612855806694969
0.345741465880333
0.532880176639405
0.478743077545017
0.576767078436638
0.567446846041978
0.469629848684437
0.443677506635423
0.472129771210886
0.528032018640877
0.456388925877155
0.532788421529762
0.524152770046682
0.54080594589638
0.611589698908342
0.438463192773939
0.383898904171313
0.431689497402086
0.521718140432424
0.426712507998944
0.406959387512437
0.421693039608011
0.509152647142126
0.554890258942986
0.553195327460063
0.448785321387598
0.467892478446043
0.487549384907509
0.683677000063217
0.549887361549898
0.493163440035208
0.725335089998472
0.592697484801699
0.716897112232104
0.616229111418857
0.786087951456557
0.607097861759183
0.520524750177837
0.552714092329995
0.788213169793844
0.718385867768224
0.646727565854796
0.581627581658504
0.705066760088746
0.907139873303755
0.671934917010251
0.77316877060251
0.740635022236561
0.603269936398726
0.786502519394597
0.771086044133246
0.546499433255931
0.583746802544939
0.650511170599588
0.611281255935287
0.764391794529547
0.63773663630594
0.804652703205179
0.68743122575912
0.637630435522453
0.639530432621364
0.82833189303978
0.716067306296489
0.638907002804152
0.65436041340764
0.717244083355243
0.725485482247481
0.716163789148208
0.71946335124721
0.782601673039044
0.65466132697951
0.664470635747637
0.426660737607191
0.582296922142817
0.592474781629491
0.494082275125868
0.521404488048209
0.445734770552604
0.453566762324416
0.502265551292061
0.49323579904044
0.527302300837954
0.450693938496191
0.370915454164571
0.459138134546671
0.517147993709505
0.450805319462051
0.443743165257636
0.511413873374609
0.545106374340455
0.386573860567639
0.41307450226434
0.584952532122372
0.569687680526608
0.570553770726222
0.504680013890262
0.471172003050702
0.468086285923470
0.320944488635835
0.492802375268810
0.498695727184572
0.486599295144882
0.464830119313379
0.396788099371272
0.545450950816991
0.500239892699063
0.469813388566751
0.520758828215139
0.437276721874955
0.405530407713427
0.468183936284502
0.500149504028323
0.539678026797372
0.393772974564983
0.403746206386556
0.567585441931761
0.45521478025967
0.460383456565903
0.432345134833427
0.539719815197863
0.565504350982736
0.533829963996998
0.555347242872243
0.517076938092658
0.482648477610117
0.569482527857845
0.526400851388966
0.380968587433978
0.464009198121525
0.579788175199016
0.471988610851279
0.51395600077027
0.527732014811675
0.441002238515993
0.515296114221685
0.587922491062471
0.49822347200916
0.511042690129848
0.609447120084882
0.54255645019873
0.434878052728386
0.459268065138137
0.527713490409409
0.495310607877629
0.564438179569552
0.351468585688025
0.46055460734301
0.345954380964168
0.567295201198879
0.452699199313946
0.624419346528153
0.560511059388028
0.625505175125701
0.607223716125928
0.433517973494107
0.609676622894701
0.530166347773961
0.47563559729848
0.416256426161374
0.464092412380713
0.535735204118892
0.434710257377421
0.319176560165883
0.453306306462339
0.477338247407589
0.356007846776859
0.530423732805899
0.376407858210734
0.436654316178676
0.495003849651584
0.304105725603018
0.528565207622733
0.440681624722945
0.478205407587008
0.462971307412326
0.416155074297094
0.398984582226123
0.47377457313479
0.653961458360233
0.533740768987398
0.618631582331975
0.609253021271687
0.66613375497403
0.639221104169108
0.672515298442234
0.670839616863128
0.563568386367629
0.493566660077667
0.655162490637153
0.425886459395297
0.555406739626692
0.485648915857607
0.511452399553047
0.550589634415597
0.632369856064382
0.640999248328368
0.577396330550934
0.708689806397085
0.508505387985405
0.68771504586333
0.636039301475922
0.667202962030336
0.561705282718493
0.714285705034866
0.63794794390523
0.506565649813601
0.460027497288076
0.639256866418692
0.536805322897004
0.834045915830368
0.714179099243163
0.751317464761435
0.566948829335536
0.584928138268098
0.602595791623373
0.670192519306209
0.435787022502724
0.506039611977828
0.486229440168123
0.40901534785234
0.529647359592173
0.501255117023058
0.509271352639251
0.412732349757501
0.587151819846847
0.541152014897501
0.554500489078943
0.401116637160509
0.444283030551157
0.506225744095409
0.50459094659102
0.543075517741979
0.432593949926296
0.402007870852739
0.470641886009687
0.594890564114573
0.63518527466358
0.412245205438336
0.402659955755893
0.463176776803840
0.398207917306993
0.571879423333855
0.577594198199427
0.512045418130972
0.573767597660424
0.57493694286364
0.535587604489026
0.609443933868447
0.546881470352708
0.526299690723182
0.208590005591733
0.408933988099419
0.552157954904972
0.539498485555598
0.555093780163867
0.468522990271914
0.447254776017438
0.453998985623463
0.474623227101491
0.398921985044625
0.519873200061037
0.441269850554707
0.329163719080410
0.464846828072028
0.458072561843409
0.562727307628668
0.552606166932394
0.542639103931407
0.491229229826409
0.475725989391
0.504267671384804
0.485746041003749
0.544028072907978
0.667837068785195
0.489452301706243
0.665258723958408
0.403085870810075
0.505003192814411
0.527059023082663
0.549704150914802
0.524939656509568
0.549115852435388
0.555394985166898
0.486607505636211
0.542464780875269
0.476765143818843
0.627073883281672
0.527300538028743
0.532636548776449
0.481367988546168
0.667990894320025
0.551777111435694
0.403577807740167
0.555739101278045
0.527110905163488
0.633164542169588
0.42554743589489
0.596098583520054
0.548464758650989
0.398281456452439
0.45678683670811
0.521471512383987
0.575050627101163
0.67450194810382
0.685291458463943
0.442214737802384
0.294361067308702
0.508380662671401
0.609449116043714
0.444836718217791
0.523835527315753
0.430446939525292
0.444191294397081
0.559044707909851
0.400542625037755
0.49159782558345
0.557531314945565
0.294313885447571
0.436296166341735
0.477889144723833
0.412026366397838
0.461246103812629
0.407485170804455
0.532213696395655
0.348269636679952
0.578178822635836
0.614565443238077
0.871806173452637
0.629131778214432
0.510555955664672
0.595918508019569
0.512389730566184
0.441700216697209
0.403178852540285
0.493246765375936
0.467601415323097
0.381496555555480
0.332813035903170
0.444188664514487
0.40607844076415
0.612589831734739
0.414404371416609
0.381308325944938
0.355268437788639
0.412667477289526
0.463722590084969
0.583636077673847
0.522553840632887
0.376531099516734
0.571244012630009
0.414201895868064
0.57136663563932
0.361959603902008
0.461363715728745
0.486615895793175
0.480035326152541
0.368412510881706
0.481779660844824
0.591266649640894
0.399330791958553
0.567740049484447
0.333614900981896
0.401120760182719
0.655087751484063
0.697874415922497
0.606601876996729
0.438747015504332
0.520949258667595
0.442547587330904
0.432487937840971
0.679394430545235
0.611689449415494
0.658377300110827
0.644413392413204
0.47674763154939
0.43553564150022
0.424818632833567
0.503323741562395
0.398436007896323
0.408225496593895
0.540049717078160
0.474433599647967
0.565902470396112
0.561642679959582
0.483186007921016
0.52307712149945
0.515718706000986
0.471582350651438
0.571906536710218
0.486863585502008
0.218358369147830
0.54812035759197
0.617244679313704
0.648909117114658
0.681853621112771
0.762115003813379
0.6306163212673
0.697637078779352
0.624184278029604
0.588413708919381
0.669283636870652
0.597229312526284
0.568332064685951
0.700496153823604
0.822451051790935
0.86375674543451
0.896784725592444
0.643437438951935
0.766879502826632
0.787303470790473
0.143740852438133
0.684222277957696
0.652438151996167
0.830677785645428
0.69376119078965
0.81983098678849
0.625338192556762
0.713074019597482
0.715807082314952
0.604746310958377
0.819786153309811
0.69055336066335
0.795489792007273
0.824198591915325
0.708812743101685
0.754992371182668
0.770518035569642
0.998391093056563
0.817895705537238
0.749112429551077
0.803750806019267
0.682154035515963
1.23676945745691
0.754564360793482
0.740525964908177
0.580348473425611
0.549607144840005
0.309068213457247
0.372222356279657
0.414557969337221
0.403800760456981
0.470285053264787
0.352451495469247
0.469514299303264
0.554747695593314
0.479818962546622
0.424380979716314
0.33593581545812
0.519548944817503
0.557203598465638
0.561346694426612
0.54352826739512
0.481033565543022
0.501657785016039
0.408356060409763
0.514891072130792
0.36249383752768
0.650227846267134
0.461022441836693
0.412764739997456
0.574714140989554
0.419601601597747
0.431469718854293
0.374629063847804
0.475687867520149
0.430294130398447
0.447453168174741
0.335200470943013
0.65427773145481
0.433491552101281
0.463530811589118
0.468061932678203
0.290555444472426
0.391275623470826
0.221174961783892
0.346614870499526
0.578357698945350
0.489739416132785
0.341288248856696
0.403316052647333
0.402342557024085
0.451162727414512
0.458686727206594
0.519644084147465
0.401682519735802
0.280535974120144
0.59053625802927
0.450270788669846
0.333727060264866
0.534823932274859
0.460268268398228
0.465844010574408
0.427222075169406
0.412773622417954
0.368722976107744
0.346835046905771
0.470650346625177
0.417395050806195
0.524476755614219
0.491868328193876
0.369302860990976
0.446358751016767
0.518905126263066
0.38228188608339
0.415944078361882
0.396838651288488
0.368618281093288
0.386991680408788
0.458514249250975
0.47883526489807
0.495543615308396
0.456789011868261
0.481261890282686
0.590507169236863
0.479630432184472
0.622141321967358
0.499056114509672
0.351087948175826
0.52093260549923
0.324429118618540
0.454684786950323
0.563868593431363
0.674539262889857
0.545564568663836
0.462342470058662
0.564630203741566
0.639618015164502
0.600482312649623
0.430937759152285
0.450990933202741
0.721489849284036
0.665158034328101
0.433849565124051
0.535773420668126
0.375912127471213
0.489156050416976
0.529116698696406
0.365583597487302
0.586834396100474
0.552629070535128
0.400916361122633
0.598879467872361
0.428348782519016
0.408265681433203
0.544765007621665
0.437165620922677
0.618528072916033
0.396846395599720
0.381860284758757
0.45787575873093
0.396559079148435
0.615917756390546
0.672855151503735
0.592187503695822
0.351934960970061
0.574311626791915
0.666008903984312
0.329320521565570
0.467354985279978
0.412892216968752
0.316994563851497
0.366760294274503
0.509298399293889
0.349556211240971
0.382162301235542
0.506571265483978
0.367466489416001
0.414732520617352
0.573028176147994
0.475922405711312
0.439187569039602
0.416213819686249
0.453828024719054
0.583166506830883
0.47713625933864
0.498565515036566
0.392775772866190
0.376534896188074
0.55527878829374
0.425422139320262
0.54352383304642
0.349079973798157
0.49857474522121
0.513302170304159
0.546574184114291
0.488761032837803
0.387332025188225
0.292623925764014
0.344802904443159
0.358271703326341
0.461992039433904
0.548354391864022
0.458498524986074
0.372390883632034
0.36928863638649
0.426202635901541
0.364544210548308
0.379984709877764
0.505645144530702
0.421144785073498
0.44240175352612
0.55231376237544
0.614312071473334
0.573608974998718
0.497461008642553
0.578351620119329
0.598855225479751
0.573498055515535
0.544716540353605
0.498148881153233
0.558478650093374
0.65150206591994
0.694942620160276
0.570490944644596
0.573911522106198
0.478555733364003
0.456472926475096
0.590441344953076
0.453985289487223
0.452053420189131
0.528335364058832
0.515337580861516
0.591789715422435
0.520157791932918
0.382775544797828
0.577999289061218
0.70099494690824
0.629561771078393
0.660073307268923
0.660579549368621
0.596133746562607
0.63116604890042
0.542158734645203
0.739915554545524
0.581777618009442
0.641421437272818
0.59522016952273
0.564583910635394
0.676316880642721
0.688882810834215
0.795280876098151
0.823536327109804
0.7011303329804
0.500015421913971
0.425313553325845
0.513993864122808
0.562587500699574
0.565484534012518
0.652829618262303
0.545488745468347
0.618896642030137
0.63154178235291
0.535111474102286
0.509171342192157
0.583857916408914
0.517474975626367
0.53537237534441
0.610893905391416
0.478579344281668
0.567441603349525
0.628549963052473
0.613832209099478
0.674501395370277
0.721198081459957
0.701002869546624
0.745555614697968
0.473966518239153
0.528566110404677
0.475891194742168
0.59028108882453
0.597260546006237
0.679594596629931
0.71306585919618
0.579999724935698
0.449603892698447
0.675909395893271
0.781115920184961
0.575571634691212
0.576950744651213
0.570127080310631
0.615180426627017
0.572779716679931
0.67638991854045
0.714622073485801
0.71386446318727
0.664777034796162
0.73455223921471
0.580332694338471
0.757334446568903
0.620280304044832
0.711987702924917
0.686484276165049
0.443274384786435
0.658616047032901
0.660844874525176
0.710052296843475
0.620101546532337
0.627021885234416
0.505121054774877
0.561587744487403
0.341480983231451
0.596195541820006
0.479807667886438
0.434945010897036
0.379047313386253
0.431155121026011
0.50790300462997
0.630138651358254
0.527753726562514
0.621397862032744
0.52928695922405
0.616507166312403
0.588985055725537
0.497386374428605
0.687242249498872
0.603983271898888
0.481288564679998
0.674784252896407
0.699527772452330
0.683832093382535
0.853723053119874
0.798320557650032
0.87847296729464
0.841880555729035
0.748995502131635
0.598102544572103
0.783421506708226
0.611192841863943
0.561214218720339
0.619903389944501
0.612207043978121
0.666472017057606
0.652737398205935
0.527540013611989
0.553591772226506
0.647592341602424
0.545501462705592
0.571708004381573
0.388139172309539
0.532032412443385
0.569234801027399
0.552416072079835
0.579892473226162
0.568267001936832
0.562442284445117
0.538624770341538
0.59356669139679
0.495185167564836
0.6618200932006
0.799834452101355
0.534555566293135
0.687713609891004
0.806841936254445
0.521021464766881
0.649252421514054
0.522523320080965
0.751594383496755
0.74257993104882
0.729709498516468
0.585670762244378
0.590578955832178
0.445098288485286
0.318151843775970
0.424461607092923
0.523191355211262
0.495434916431428
0.371674976516837
0.335968924895165
0.48195998304299
0.375788646019394
0.831227926711158
0.597900763617147
0.628774929794323
0.65236645387451
0.623236288306085
0.578887789674877
0.518361081175281
0.746930146720866
0.611303519912949
0.63020423178483
0.784973134357917
0.934530919662763
0.770918163885041
0.542332816176669
0.615162899255897
0.658545296816125
0.574673810795288
0.699689020794165
0.500141650364655
0.747512695741249
0.865991915882541
0.497512660363406
0.522728445097576
0.492327761549318
0.697499803236805
0.669937316485164
0.725523818946259
0.603655082352515
0.59775189215135
0.737511145494811
0.705012814322538
0.780752240246036
0.694710673825219
0.585890329081355
0.722771244584414
0.830382299914857
0.739945030355054
0.817202359051783
0.655896788814655
0.70407067987957
0.526654751093127
0.499153767539245
0.602968819798534
0.561627406101099
0.641356561656073
0.690514714211832
0.632375355984727
0.617819275032944
0.615848396854281
0.426563909763903
0.494606372938102
0.363234235645559
0.526473466732465
0.44980360844542
0.594530152617027
0.603830634157512
0.297706289441665
0.486448092936081
0.543810561712769
0.372587780194024
0.496929690473729
0.644914832742759
0.335781316523521
0.839310843817054
0.450957742359905
0.484285137426799
0.407143165503227
0.50505060247747
0.576532644746054
0.691144380491054
0.616018567549048
0.413794478124291
0.640287810299296
0.381852908276806
0.358309550089667
0.59742202346886
0.512157312595056
0.459075194073128
0.561463834103954
0.455393859921389
0.458959652683821
0.464295655968258
0.439008272032889
0.480610203029629
0.461061296864175
0.413914246559765
0.371888697420406
0.601152939128372
0.581808210368156
0.567938483567731
0.60399606090286
0.494043084807072
0.714327821052599
0.507319338664306
0.556559831703601
0.648252283229888
0.559673108327807
0.744820754598357
0.53415391494643
0.709273693164821
0.570070848939361
0.639685924673531
0.561427148593027
0.369643613655774
0.537118879039884
0.662860075570914
0.548705350622156
0.528446085011965
0.529148028778988
0.63760310566934
0.691138579088569
0.595509470004924
0.519292856965078
0.537163187620093
0.51252390840967
0.598962032283226
0.549510372464176
0.721910456345566
0.535381751327955
0.557540958112504
0.611819747559023
0.666252034485713
0.553389575109813
0.5900585497527
0.721510807195021
0.579647139772073
0.531031493853564
0.594519774418812
0.696439657544246
0.401386162622547
0.677850413888391
0.702892874068179
0.577004801734256
0.648261851111326
0.4445917799242
0.655746498098437
0.521873666357634
0.643622874486504
0.511489156476432
0.719648275286137
0.647225545079184
0.614635439318055
0.576279516727493
0.604137406243297
0.665226778276682
0.750124935813768
0.646452053641708
0.573316558800618
0.489567709178303
0.402251566628458
0.58247061129057
0.341286076441699
0.554840948674796
0.461318137556341
0.5004174201038
0.658490231158116
0.646462111887936
0.652965923709128
0.747808845518149
0.465954346171058
0.643101167136399
0.601335674597709
0.743193989529724
0.523916256177191
0.622350033452898
0.534246803961131
0.716173311742518
0.468306046816666
0.39995893673346
0.434008271639544
0.479139909660845
0.618424160734705
0.567663513291452
0.36947298447347
0.521845034770968
0.563446266274887
0.504503104797621
0.480829561608055
0.543036338175077
0.600778169558845
0.472442803047498
0.494508587793749
0.36090723040615
0.455071115413823
0.432336214939311
0.4716616496813
0.387134274003456
0.445544125621774
0.526109709595599
0.637622926854146
0.617318495253717
0.702784137945508
0.359766471194003
0.654561548360504
0.664175189780609
0.581320448159682
0.48574439303932
0.445540697149164
0.513639239616268
0.491212559622469
0.689275336638074
0.514689095700104
0.590798484426396
0.668121219952743
0.681917431497343
0.514987533866835
0.804063547119906
0.70586952011227
0.781639621795812
0.720487779724179
0.767154208528125
0.409897412986232
0.417302697679201
0.41037869691089
0.594069615937468
0.70741485380714
0.550111095936869
0.450718293083934
0.80671988317305
0.590377081858227
0.578730579568524
0.669728448097183
0.859821598221358
0.804201725301735
0.680212379270316
0.754128788587584
0.748377373524728
0.743700940714936
0.703613437344498
0.518233096552986
0.526830176493544
0.678063896454495
0.785411836239254
0.793503772419414
0.685943153464616
0.5404534227402
0.747868317112973
0.515037116341345
0.561603591628689
0.426811431368568
0.513643809375237
0.476618476656429
0.513801624349578
0.507762629182684
0.461108540233579
0.461027989923299
0.492688940558271
0.534795506504206
0.573886569433074
0.583666809431883
0.407062071479812
0.516829043367227
0.428479859123664
0.422666453659396
0.562747025416206
0.577908413489416
0.543917679744
0.580945256354815
0.521813662906252
0.552419158459102
0.626630862202899
0.479136942976636
0.496717259648152
0.514715240378218
0.481982728559292
0.289883278939737
0.355673601349318
0.466997037898831
0.440946893356473
0.671984078528012
0.530492814590293
0.560269780501289
0.406258177933856
0.557475127354228
0.477125562857135
0.499469976703274
0.6031397064224
0.605319224724297
0.452328922755859
0.507635407069491
0.615482984068846
0.426340106418265
0.572075239725476
0.490073016286776
0.495937829170225
0.542761145873479
0.602654929891895
0.447333579388651
0.473312098570477
0.629216889556611
0.56983177351158
0.449446335903913
0.508698367280743
0.49599771136517
0.611679467871904
0.879407564676305
0.613526244819779
0.539530256416224
0.421468765246297
0.503462147986922
0.636834938160958
0.469942454802678
0.629193389460643
0.547317214251899
0.679783580576384
0.418506500249323
0.513793903721328
0.483893237565965
0.547132520869857
0.528487557278961
0.600334029021622
0.63021143874601
0.657963451959583
0.534912365299062
0.380602599203768
0.707814734075282
0.58241197124046
0.585274826003388
0.681852863709851
0.743054778562357
0.74239283539577
0.688790602282104
0.598966876445416
0.614636302962609
0.564315430213308
0.541801220705418
0.622420850783319
0.554957177411522
0.582002055250837
0.549332886691536
0.670393489365811
0.572918082670299
0.674215764662718
0.669552936252772
0.803267108872067
0.687874197685637
0.673240420525171
0.699360321833265
0.60783654486952
0.58619171462824
0.389402145286771
0.526993790367433
0.483435642746551
0.498162580956376
0.644036674009477
0.59999866635052
0.515613259651908
0.487700471663992
0.626079293091795
0.519535343510399
0.40213132365262
0.506061229414963
0.561011743518059
0.597945276319022
0.4445639648411
0.697636602257045
0.556164171541944
0.470173106275467
0.679318941313247
0.456626370690184
0.39623608018582
0.514454019524222
0.53035133961459
0.527156879125851
0.652386327458037
0.581341314577218
0.463066383141272
0.631729472312739
0.792436385099667
0.652348980516933
0.517660323809567
0.666122333691493
0.554677268997321
0.348487127021383
0.427122978366918
0.510814477336854
0.463783644867377
0.361548752839703
0.45353481743459
0.414817569472229
0.532025239133321
0.571076025421797
0.486692847609137
0.501255159109124
0.463070560977318
0.546890158394648
0.504494930924981
0.616170175095946
0.546152383569937
0.583466801272987
0.498819190615241
0.49269252451214
0.576519195053452
0.42346721230213
0.502738091932019
0.52761502143045
0.289706736191835
0.47332823299972
0.486218733189671
0.563872392501019
0.318600735734027
0.560242355395562
0.665221472590198
0.407598046623293
0.433355238978432
0.480654953204077
0.487181900030074
0.514880606759931
0.529348599146589
0.564629159280237
0.479904203523336
0.528123228499923
0.622021356993218
0.489306037768352
0.412489592493499
0.562493960979896
0.53949601143906
0.486667100588495
0.600068885009327
0.475479095238817
0.305658438954713
0.411852722307324
0.398051336168543
0.552726003950637
0.446026453633555
0.46804291929413
0.505106881761163
0.589782265338757
0.507992699512897
0.516047551159866
0.421517313205878
0.512311657706596
0.631877384745244
0.565582162156518
0.443471650987655
0.439219757300643
0.432477900351136
0.522561722530085
0.581427154532942
0.426821307032618
0.386029056090526
0.520254384831394
0.541926000304027
0.523473324786498
0.52501751667002
0.590752997211
0.494479985058878
0.419678803326673
0.421508370950303
0.340391777388691
0.475200272765875
0.516997537704305
0.439820941240954
0.469393075173819
0.476171358398662
0.374324594021533
0.469568535536743
0.522937484933345
0.386620898163348
0.499706204269377
0.605636821262137
0.5992989723832
0.702380368435329
0.477734268812858
0.540139993090516
0.71536888684741
0.629617496743966
0.55534586355136
0.480968445512643
0.440841886088434
0.480817391977694
0.602001793222318
0.518617485032178
0.539120895910835
0.427763321482667
0.378156977705264
0.454113047597829
0.539053677399748
0.437327151103578
0.419677139407923
0.591858853268353
0.463663636129453
0.463195436894072
0.438563751688196
0.564956720349474
0.425252271887815
0.556554276150842
0.629051084142994
0.477041383128112
0.555557070395306
0.448343874031434
0.571421401124938
0.557961289524069
0.338121294358714
0.330212625808294
0.504960057867056
0.537980475092875
0.337384213435912
0.565205336958342
0.452839601415307
0.590657195351388
0.47269019840425
0.359061865631787
0.459231824127373
0.526252354985302
0.415371002221746
0.639057636227447
0.433332768243014
0.472407664694222
0.512404307133498
0.495540510088903
0.437403746796848
0.462564918910451
0.484247178297017
0.411329476622516
0.459810474994049
0.403384489692254
0.444571164717274
0.515603985241986
0.441060216978227
0.335099772424398
0.393876164021019
0.36797642454092
0.63313774644504
0.368888844322584
0.432583182011484
0.563195473457919
0.568958558755542
0.468187123942209
0.661518384457605
0.272706816700737
0.527937510278872
0.433028164059421
0.412761339574441
0.520178591873571
0.427955355903546
0.485868738821969
0.502218171913512
0.595642127711624
0.521070294912697
0.653157346746583
0.393078271750003
0.504113873227001
0.50241179016181
0.470027550998114
0.301151703227432
0.558066503872457
0.488498379553065
0.488318456831026
0.56365737050029
0.676770892068697
0.654998734147913
0.76390567388226
0.858910236172567
0.760811634003241
0.640421617598486
0.668550641379148
0.228517900815349
0.50192744044772
0.44400040345972
0.50917998811749
0.400235494816489
0.572027669074567
0.416513955184333
0.406980630800134
0.694389750837215
0.466841279555811
0.439315648032696
0.532330319603398
0.503888897945319
0.600058101186841
0.533471670483373
0.606211912797266
0.435248984956076
0.512124305428666
0.443331008800754
0.541510543379306
0.458540594317819
0.54805996349967
0.434975187770462
0.402643251734817
0.54948325510575
0.516429352387555
0.382231104862916
0.473718347983766
0.504335239355955
0.495325362779688
0.53643257037789
0.380825879847159
0.365355459696908
0.428074612115272
0.543098768714417
0.521920563874241
0.425652551682299
0.378204984808042
0.538021020465973
0.514070556981482
0.376508246761609
0.425519996133986
0.375097403449531
0.218159194546603
0.435153058661608
0.603864658771068
0.593902432889374
0.532219130919747
0.334685409987487
0.565443976473917
0.484534868213423
0.397663305771663
0.364556783874160
0.42136012458451
0.593069311985346
0.538963816272638
0.404903777453352
0.331970724298062
0.57001507373631
0.527202273059362
0.353606497363818
0.427244209842599
0.623696088242278
0.447349031607521
0.387655270448546
0.670792301208709
0.534560433807157
0.650911918373729
0.625618656971745
0.793204665771854
0.676352216101914
0.605382675270551
0.414557834446251
0.506990050851457
0.564770447521721
0.546692231669434
0.509510633269722
0.43069459732662
0.568816527260608
0.545861399760925
0.463936508253781
0.621506365078342
0.481824984455393
0.527701230509651
0.440592326220342
0.391311004091409
0.432480131460218
0.498472693267892
0.760332579374685
0.453467273553364
0.641434067586962
0.452683861606168
0.693188488426322
0.633900710368624
0.666643025389405
0.626048551762519
0.555041735724446
0.68984447324974
0.517806479500785
0.612884988147975
0.521395015065115
0.424782565767532
0.675568838778533
0.540528559911575
0.795796701425716
0.620514140404782
0.522749682030901
0.640890928934678
0.661633410403508
0.630865481713677
0.278534941103897
0.526382464484135
0.653385641974967
0.614599748741685
0.567217297849755
0.535914781969392
0.541196733449659
0.42733731074312
0.633926551282068
0.49132360293348
0.5522655567738
0.585193817228598
0.586772275372691
0.455927691988666
0.557872732671165
0.545654797987961
0.483281042463521
0.577185453506948
0.648861745963612
0.558172658445796
0.472842845995333
0.551760148013391
0.457117996239024
0.631296636255893
0.716329163813487
0.581328085139845
0.65956935783762
0.613554812317317
0.466299298268158
0.569954475655358
0.476766448397464
0.600236562904408
0.371094783943196
0.498627477505401
0.630555375693856
0.488851968808634
0.567534757803669
0.583960659053906
0.597749131662788
0.605220004848463
0.630135021739814
0.579753175256434
0.494170890025283
0.436537338670874
0.384566447393062
0.451777977152768
0.443223176058842
0.441276848249344
0.601393341362466
0.453101368339154
0.405470380982588
0.381785838909595
0.40566545225922
0.43147465274286
0.382446981134779
0.491173696535513
0.39198509867545
0.56018953012333
0.567110296169119
0.529894942857108
0.559973014861538
0.454477942048517
0.53437789142886
0.394255638036473
0.457695282962408
0.379778502536473
0.430407958423675
0.484356944171358
0.491087754296491
0.450584417143560
0.430829901969665
0.322492251670201
0.497510126999015
0.496156089269154
0.489149072460777
0.414376904921766
0.393375095393875
0.437057904830016
0.353495566450886
0.467129950029777
0.360075863765724
0.481886164803602
0.350118650304919
0.444860637058698
0.636634187551073
0.463976913588394
0.52806686647425
0.486043118193792
0.55061244659907
0.471137730320509
0.383550139092784
0.554097039296892
0.603983325793304
0.516473928924964
0.623512851094381
0.468997556326637
0.494924974070388
0.487383355627334
0.5496776174849
0.291085180338143
0.399515299872935
0.604062517751129
0.634141779612934
0.700367003319968
0.492679149240015
0.574603011852999
0.678529764173242
0.332401164407025
0.484158484937992
0.433140678800805
0.568288907890182
0.467098482693814
0.428113137908781
0.385758444285525
0.491034798604981
0.483279709950677
0.552171744018243
0.388513392288258
0.357238290940081
0.475487790982336
0.359507753112221
0.307528982363015
0.549346554801411
0.547150072524958
