0.474112504858621
0.583256343404984
0.386296997529703
0.448708473678202
0.354276591323921
0.359146497448783
0.691994989434829
0.296323613406838
0.623973567957716
0.406488517073827
0.496371893830036
0.755991126612572
0.615864055203324
0.432061676977018
0.548226829597235
0.709859574287161
0.569564764928576
0.518320938920724
0.317881452956373
0.544898923055724
0.470471269972306
0.788485186152011
0.461197189688939
0.513165281628730
0.484653691769783
0.742149149586639
0.63072240628061
0.571411166592644
0.70275151609232
0.47693628381534
0.760986409148251
0.438922086477209
0.589242000965635
0.383270003401742
0.497912584430612
0.62431611400425
0.473305539849494
0.608012177356524
0.534882887512166
0.569708462317231
0.602128691640801
0.278389756415554
0.514179485029018
0.362419323595435
0.464647622723053
0.428135329136811
0.214730145384012
0.604265816702678
0.470803301439031
0.506447813779568
0.556082504959114
0.469732392977324
0.551835770466762
0.262868676836856
0.734914691525204
0.740188958481374
0.47366819522449
0.579761305972378
0.419690513382708
0.661822019022744
0.382616725461938
0.200726816879943
0.584388907041318
0.469033066470138
0.73108397945095
0.63218362305096
0.438670299182502
0.358570932481715
0.270925141238958
0.359547495931091
0.417476498443413
0.275675059845430
0.371303090170305
0.73697742986698
0.464900619975715
0.393211975958678
0.60825410647995
0.288749964375423
0.0999281435979982
0.662051122958382
0.426258820294395
0.514095647315965
0.488860693121905
0.337530339215139
0.333226994617193
0.413142767855018
0.679387943497989
0.372018825423468
0.475099080994447
0.391808028688025
0.397011634229277
0.518656129102466
0.432307696414531
0.671364774435706
0.35151188001209
0.200209012428120
0.676866304382508
0.377577491038003
0.44469899945122
0.429325289911322
0.40170697782967
0.555499274924367
0.560976295391021
0.51547346157297
0.520876733718688
0.610556219131166
0.435810820828566
0.193461053889031
0.489397702887133
0.670020194811056
0.381415888633977
0.767874785308759
0.341063807608227
0.728887958966525
0.334909569063377
0.627968832375483
0.738257877785767
0.381209373395016
0.55448303713657
0.805421562258916
0.775141488240825
0.541539563084466
0.73741848739661
0.353635671759453
0.526366765475754
0.530288930068981
0.227274356163408
0.579208443664754
0.792514448244572
0.669473025942845
0.718341291791791
0.739699807725948
0.584034980814592
0.501516603071075
0.8547999916892
0.350782339400124
0.453393253496432
0.422311721940718
0.760012848676275
0.463586674710208
0.634801192071665
0.573679190779616
0.383270298267766
0.510483455950037
0.412369088466559
0.575166594187991
0.570522541734865
0.333519837995318
0.391171310824436
0.598007214487873
0.479632074262378
0.439195371003266
0.585020379379597
0.482747796737312
0.421709102092839
0.269913145768756
0.381662187247556
0.286475105164845
0.597855907169907
0.362142906169786
0.696199703729494
0.320274615571178
0.559472114209221
0.538934896396219
0.402563251553198
0.266872736146925
0.315932738583968
0.380664472772475
0.370233604472927
0.532609177799994
0.541994490996933
0.446324539733078
0.709590861538374
0.359856106794240
0.263654222947560
0.650120610403081
0.279206344158731
0.215961821862625
0.660671658675943
0.323889168566043
0.588499916159713
0.270390506887759
0.274729656234874
0.332970511284449
0.412384730514813
0.461503846420507
0.381066487624251
0.48804187822755
0.74807437846885
0.122183658684760
0.549475601990505
0.56879365244087
0.393516670993875
0.592341823959142
0.578914195025867
0.542120432433801
0.633940577316073
0.405353593549727
0.505425086801654
0.38141158512848
0.209462388769773
0.556636765515811
0.838023051855392
0.449784787442671
0.767183150304631
0.693043220198632
0.680106624780192
0.628981871659525
0.905883531513083
0.396244089110806
0.69266331284636
0.445731844101435
0.705922420658862
0.584574904342165
0.316845820573921
0.292014239960890
0.578025911073387
0.385307130056201
0.644730054804833
0.596418674752147
0.385190837346659
0.450678496817796
0.679722915722412
0.384653165529037
0.239272858027152
0.474297455255846
0.429807617444483
0.567959273202237
0.595277859170462
0.382557880489646
0.441353050509848
0.735106824456343
0.301525592246113
0.596666678911141
0.445443513797618
0.824206646809065
0.237442208811060
0.459650485862976
0.703307055624242
0.788985333984278
0.527289332033947
0.302180236554218
0.565649345266261
0.305667114783315
0.428806176898187
0.527549661061835
0.510878104437908
0.5015375204464
0.454874462547277
0.510952269246202
0.335947793583947
0.608618999281649
0.87735183879912
0.655046701296305
0.402380573330998
0.287000289598329
0.262382877673282
0.41488849387159
0.615669973277978
0.298573840177612
0.428214068010164
0.593856257642667
0.528467796871268
0.311176536080709
0.260511700289543
0.365542800541021
0.683100858734727
0.62456108188128
0.444743779538972
0.453926185639697
0.351924256873230
0.387863906088535
0.360269718439938
0.592477258520598
0.473902711447336
0.122169735454925
0.449655873896512
0.298070189215053
0.390332905541063
0.313079737388854
0.420169616523344
0.233090358979891
0.545215058258417
0.146714342673804
0.36772431820603
0.133103294099358
0.294944442914352
0.172497460547306
0.349122943495836
0.394369030719736
0.460062663896209
0.512022965084066
0.404989066535685
0.398665677449364
0.0081958543369507
0.352548394832029
0.522461758709458
0.360450982967474
0.32435708184233
0.340149015875727
0.501086094104068
0.736229292511919
0.58668458261122
0.782386657573426
0.230389069155787
0.58214833160958
0.511022861065913
0.787728069476485
0.534684665717425
0.417147789826888
0.607109630969413
0.428965070427971
0.640332083266909
0.531483206575901
0.464705683576403
0.252674813215725
0.39114098457816
0.291833871873689
0.191739389206505
0.394360992390242
0.325283780181749
0.336123737327619
0.452880991789426
0.370691905201319
0.666236667113385
0.537876699478348
0.466401513743658
0.539619864542229
0.312518124583693
0.642714640665352
0.642204729137089
0.695162195770893
0.438486568076308
0.124493390870263
0.361041193142984
0.567003343258111
0.0889631477599145
0.69218297023395
0.175778726404915
0.47939147957831
0.576077716341689
0.285747572436589
0.436812015390244
0.381311345744247
0.672274306735568
0.568750992673588
0.598754225706008
0.237189242439241
0.485745856286405
0.420143443463634
0.386708299490512
0.266391736242766
0.332195767436814
0.264797413563044
0.378453084396168
0.433733316025547
0.48467411008626
0.298894991547348
0.59340540222671
0.479790715970591
0.190293742029883
0.265445635471412
0.396309948181114
0.294254503333994
0.383714406947927
0.364967813314941
0.541295585174968
0.57693360784497
0.324959476196826
0.209134255052342
0.435665091097016
0.329237443488151
0.551984876087293
0.186483209762308
0.580984321939106
0.555790699795472
0.634754591203668
0.381154139176922
0.399263415770134
0.694673186169934
0.398664550136305
0.592725037767722
0.355315154218032
0.123073884869210
0.117025440818305
0.716624613725005
0.359769857971464
0.491619264953208
0.208400255182296
0.708137256179945
0.355231271769848
0.674285437190667
0.659135913115828
0.338943126090633
0.488772028675547
0.554869650641937
0.561542198577483
0.498843761909524
0.581849715169132
0.4752462680437
0.472701555938101
0.290681070310702
0.314559564450561
0.527988133257456
0.455437403225246
0.55641309594034
0.306163901631908
0.304015469778774
0.446103453903745
0.413478834175379
0.563794493436236
0.459252311407374
0.612971547856681
0.282667571064517
0.138324503590329
0.325728442078476
0.466544384497323
0.356350321960118
0.0296775362880934
0.4040904509163
0.303149355194813
0.528387683236802
0.668157111829699
0.447348992898266
0.427611653800868
0.422629480675686
0.291494634192710
0.240567182463751
0.3973673380133
0.54162379876564
0.431403851734862
0.461748970065054
0.453738264817435
0.658364620339829
0.556934678419221
0.434736839766085
0.272645405324983
0.147311836701053
0.342557040239183
0.231230774148350
0.648121825517956
0.729275002733328
0.339047548218365
0.377815675297662
0.376640183747209
0.694156093042158
0.620240601451339
0.444794974841121
0.351108755976845
0.348147073050555
0.79795336255281
0.693099791448902
0.572163034262315
0.71765562171722
0.854025059045639
0.679115795554545
0.446933999546278
0.510696464026621
0.572317173193453
0.597252568542757
0.52017923127498
0.221640032191659
0.376413544112861
0.431079365074660
0.606316375607029
0.595805577177991
0.421344295766324
0.577543755204616
0.222529913520902
0.535869872273588
0.0832180851372102
0.426572650339043
0.443844047985893
0.197854418148278
0.519493112754092
0.592715842126843
0.465868350313882
0.173160089546465
0.29140690704325
0.387165887721709
0.283595117042523
0.293079945198678
0.113672934505470
0.321771258438134
0.507427668246503
0.153778056678404
0.237942528837348
0.201593112934534
0.853916311728969
0.510831354963136
0.442440243834815
0.644986579761142
0.619267316690226
0.197919537651821
0.798696416930084
0.625832506414611
0.439362295308667
0.687310010057606
0.639536458291882
0.362972008535795
0.409948899165207
0.424705054975143
0.487978115997555
0.463719418846433
0.439315271964443
0.609937634877752
0.531862240610421
0.498542642389502
0.784628261037052
0.36311303033268
0.61063932326552
0.509133902017613
0.332631215025099
0.581481954477298
0.380266636155076
0.87092393115323
0.338946496813788
0.601400946586386
0.598614078936361
0.836182220100138
0.475401184872727
0.807513024448349
0.894950208420533
0.556036199331592
0.751468725322257
0.247213437643829
0.44514711863718
0.20545201665669
0.344914435299082
0.369201580004713
0.584370809720695
0.691455568393132
0.497572520030088
0.132570833352758
0.882350363038514
0.417757251586985
0.572864220920801
0.475166276201973
0.364640351040153
0.272693103000861
0.566427694634408
0.429763152872607
0.571974509686053
0.477014244417093
0.709514922097215
0.530672134385857
0.574817321955124
0.80967431571998
0.653309515672021
0.778124199595448
0.687655007556231
0.560204752677518
0.654373196714814
0.703280682260452
0.430279296901778
0.403184903309524
0.485719316239417
0.52857230222246
0.445923993936323
0.77106231838958
0.373056014689903
0.319898849589099
0.532150113777803
0.665121575262394
0.472151507347751
0.526174428586906
0.443011907402894
0.608686408076026
0.295280121799351
0.384184961980452
0.221807960471982
0.613467858574891
0.315812230572692
0.343382703031231
0.582723132270868
0.527102692685883
0.409241450027841
0.58300804078498
0.518172071933061
0.420412386388793
0.503616869982417
0.211050031454018
0.714656692991006
0.67555334286125
0.499075488579568
0.561455461581553
0.360409331511841
0.627901350901027
0.45266395599366
0.350062256259587
0.321829195324596
0.353525335886107
0.254519331876282
0.400137363021473
0.137044908637931
0.343380758078942
0.391339753131456
0.325655727913813
0.263042663465439
0.624805176849121
0.507256384565915
0.446523990129495
0.554705956487911
0.778965974016074
0.373741127688644
0.31755999698598
0.492082749416194
0.571051188245557
0.870882399605292
0.943304532288963
0.584747652788774
0.49884601064082
0.549172821312674
0.570136822509385
0.397701013728791
0.427459371696141
0.296041403976706
0.264127772061584
0.583416921706972
0.624550781501546
0.110211872833341
0.450658078042903
0.58873672892748
0.22163916850273
0.634509904913299
0.255278817162611
0.595753495968821
0.526540673831146
0.561687575843376
0.431440995092724
0.230279682064733
0.195222672850896
0.573151085616862
0.359150611265872
0.429233015000836
0.514052121181254
0.283566292868375
0.384458970633211
0.464338966379471
0.0480735218971513
0.221866722895991
0.509294475582167
0.507592532229092
0.543600202999233
0.428796994154739
0.565589781027752
0.258591381677839
0.749649329143284
0.284145494311752
0.533460091061586
0.383449944843733
0.45988368889467
0.517800036578964
0.574690918522418
0.426858999000894
0.380605721503269
0.232480825659164
0.627139691422173
0.492643620241199
0.513058279176362
0.3689637940255
0.551728450327087
0.261837619033381
0.581265103378692
0.575527193942139
0.279101048107664
0.304140319288492
0.0502000877251833
0.0854487524458112
0.598494544735147
0.357962471820812
0.472679531337767
0.507694197901423
0.607823686893745
0.818551247732781
0.405603030320626
0.57726945992343
0.213451515773280
0.554536297322668
0.732142170519887
0.384078162439798
0.444828918431242
0.519879994682641
0.629064889970705
0.454508238398634
0.447637392308646
0.547802034687501
0.769134359654615
0.467476576578304
0.614131528060867
0.433597445280103
0.571620853220172
0.550643297395679
0.409919075008559
0.379380748021186
0.493050209078293
0.570906905367058
0.462465798428274
0.579791936111938
0.61794333900626
0.556916427449793
0.581131900698467
0.258288298326376
0.581403075959050
0.374519389873511
0.431374824955945
0.591807250605265
0.414540229179216
0.579721187320612
0.631020065309544
0.355486215892798
0.411934198833485
0.506234538553486
0.126247834113699
0.546524612915363
0.441774532706035
0.641081630488121
0.363190254655923
0.411439629963868
0.431591895938107
0.40710590535154
0.405286943647579
0.465089943335854
0.56293721155659
0.474988231747709
0.273445645535973
0.44001380912883
0.530521034901653
0.376895048835074
0.394192900718146
0.480715757864053
0.253847376921074
0.494099123075704
0.370180480351905
0.420181587199292
0.250682844546353
0.310399791121829
0.300272215191701
0.667840525552413
0.810650057500171
0.460665780459099
0.34647541069059
0.608161040069908
0.257864041400396
0.34818477083599
0.424715493486964
0.293237814546397
0.508103310747376
0.492069933536891
0.274603094294393
0.60218499076918
0.465795944700622
0.386989131423344
0.540900724821707
0.426020641498900
0.708225889117391
0.64894004904985
0.493049339311632
0.289598773869883
0.661413083940655
0.471998392086801
0.439573053828905
0.57266494353644
0.428586760097744
0.0781878700104185
0.122393903435131
0.550602109065206
0.0936581179300948
0.556671130840407
0.50397328619653
0.387532563103883
0.38467472035103
0.628675920276486
0.433704645036487
0.424621877283355
0.74738005773029
0.78183015917714
0.51037588988842
0.394205464490677
0.599774667265284
0.194835003193174
0.565702356484255
0.264111064827496
0.404110015653296
0.499545569332563
0.224511797604672
0.722721218810707
0.374385063062101
0.5992891439414
0.444579489846655
0.93405912864837
0.588867721067006
0.942484239380392
0.777958879065926
0.819219370635333
1.03878080993661
0.656632085043051
0.706734391903852
0.835236900837722
0.649930207514539
0.408860469024543
0.375961546403277
0.629323719431139
0.669292665644797
0.543529532018439
0.347940751811401
0.814828891781821
0.664306283675446
0.524162543222790
0.702552345110955
0.550469949365368
0.575773930927063
0.355714416843519
0.649293516500653
0.657863878705539
0.663642864378576
0.72711467615106
0.568581928928607
0.604067200833069
0.648187120969336
0.291499320026003
0.607145209429463
0.563744611340227
0.401538109084969
0.413377225990024
0.410290062467761
0.732048909870325
0.578444454331811
0.463108236972347
0.812284098273418
0.424071937720268
0.288931991473406
0.273378645333744
0.592561582829843
0.611122319355392
0.308361004000666
0.302274306583633
0.266557306666989
0.246829257013951
0.64178317638052
0.497653064380351
0.421974697549003
0.555733935209981
0.392910729660648
0.526205006953814
0.291528942794412
0.646171180786758
0.637031844573387
0.357406727175832
0.485644851624042
0.281633392319194
0.234708710203128
0.346802270996103
0.418624212525548
0.341627501775778
0.560906235825865
0.515217520816234
0.306338685994062
0.240099994562354
0.686454892768666
0.409795913179791
0.582261252801176
0.419715251252419
0.454516984554985
0.367417115297711
0.298830817743188
0.483766514105992
0.249292428211865
0.486364644066414
0.497033606314217
0.523527192624918
0.563561840480772
0.245591631208645
0.48640671050827
0.606281875652632
0.579083982234238
0.390120691022740
0.357605795145663
0.395024930775286
0.525816779400866
0.402751837843896
0.57333956644914
0.424523410968192
0.426655685598192
0.387144339588096
0.148072247513024
0.286793043621435
0.412505930315306
0.50313287870583
0.474446909496198
0.854409929933669
0.382346386160382
0.434703045340917
0.342658454358673
0.263018657420439
0.660108905675267
0.201718473524461
0.495381782582794
0.228830659448643
0.671063682534785
0.483407506166759
0.485033773391612
0.575138066359994
0.48244118510281
0.37982501232798
0.71678612940041
0.581358994332145
0.62209672799672
0.776276545939675
0.506394755590694
0.434030189841843
0.820422349453224
0.467713657056703
0.685710821955652
0.579892134555608
0.343894239899399
0.893699012708758
0.691539201559251
0.632899759212612
0.448569563439377
0.477837602677652
0.370266606541656
0.42078670641937
0.446618715838339
0.49442043066557
0.459696373503322
0.305095986604144
0.549151930968458
0.448355909731764
0.663723957775076
0.595226295731088
0.916473560995368
0.097191409408876
0.441563310258311
0.556842250715633
0.302590477329555
0.751138699291936
0.387713044690895
0.410386970374212
0.685326251788219
0.664568370190765
0.371180623572241
0.699082463803716
0.714322051476903
0.62702447567466
0.446231072319058
0.336133056614394
0.457667328001454
0.896642577483728
0.651070393012661
0.576827459429749
0.494091999297728
0.573962295655211
0.732075024783666
0.265855899633115
0.451691136804239
0.638868733402163
0.375935445066942
0.354603822290174
0.668298751283116
0.56064299666149
0.311726812976989
0.457954489208283
0.400831658384844
0.591173441491136
0.687420563556613
0.501116236977766
0.525303922825709
0.454498616541812
0.398795127588058
0.525945033156725
0.294213515144117
0.579430318390152
0.44795470814697
0.604681012870972
0.617776947683522
0.531905582380149
0.666285218021631
0.662514568637102
0.791505676222466
0.413470018326828
0.497497911248132
0.259229056386360
0.503565231071207
0.530428296388512
0.468026107052845
0.65761417441484
0.370862793402798
0.594102688136155
0.529576195382296
0.64030414895226
0.527702530146295
0.467347530630031
0.510818521467911
0.435793214795194
0.550435200311457
0.283578473833559
0.66733223406968
0.349201299401568
0.292835547732747
0.68314193046658
0.372177683974640
0.444220353481645
0.479879863666634
0.444682490399735
0.342959746810048
0.435998028474549
0.358051382621553
0.391355484825247
0.204130189195064
0.472459940981846
0.52302399169605
0.466985692411002
0.376755345031385
0.453958912281047
0.584657127683109
0.267661791247753
0.459748519708614
0.495500087532095
0.495781176719083
0.221849628000289
0.558578568179471
0.353996355223247
0.456342920584333
0.592056107999749
0.428482487632851
0.389718385456578
0.625779276090211
0.633453047587082
0.595305085011923
0.586514706044033
0.787463936903029
0.477643166056974
0.794483445809687
0.293173853509573
0.506245999649348
0.537618943559295
0.601906680739358
0.430455575887082
0.510214216722599
0.493771526057187
0.627541817053567
0.339270457022317
0.604391521272631
0.271910700436023
0.310356009129381
0.296975249014724
0.254869364565726
0.534880659971229
0.733808458171949
0.432385106087164
0.760611702748525
0.660604197802473
0.615661969302553
0.463066389947919
0.54135316996114
0.554782669038387
0.657039460705683
0.592095729864593
0.661395357843252
0.538431338269446
0.427459056355544
0.532407276940259
0.480652654815193
0.392048747689182
0.42312057189508
0.537077367832739
0.510260463475657
0.34616465652671
0.68559006507791
0.707277290445175
0.721063499517177
0.518718075052171
0.487886519469073
0.511962584522924
0.719888472654581
0.554891972544622
0.66856542945673
0.359332485864695
0.831351072069554
0.548388471137786
0.812446700610262
0.457753726940193
0.501908685453535
0.714095105546768
0.840255312691799
0.35613750563456
0.772634252385305
0.612770609622248
0.582551228549156
0.771146901037544
0.816491054175884
0.692474754420838
0.757164635869214
0.614219241418568
0.349786394548619
0.559618008882714
0.676053076101974
0.735679952099846
0.634193364387563
0.702132884930901
0.332109432561534
0.576623616628006
0.443723585935887
0.613188555429126
0.454655320078414
0.291408662570748
0.846757411696725
0.550293013593235
0.399033410029055
0.798409063034816
0.670100804186797
0.555037643412668
0.415222781997849
0.397653503257443
0.417041889789747
0.676916259832771
0.761224511357233
0.456431866618692
0.252361819132926
0.370316365117076
0.582937336620782
0.204385945913891
0.494457005132412
0.432629989497746
0.160479278639159
0.357867175524944
0.461714892973175
0.552470161689626
0.610866004049614
0.415435311260663
0.645058577029136
0.76191620735664
0.687620331180795
0.66831101524826
0.408597058139923
0.478377955975393
0.718487083073174
0.400058357612244
0.500498586108681
0.689581648079866
0.471034701400964
0.847847471578745
0.663431963503528
0.466895082206776
0.397472122114126
0.530400157366686
0.787762486275621
0.589547767900254
0.654951598372283
0.730361058355656
0.604712118718973
0.760675923021414
0.322105950731425
0.565055242991858
0.519281118330331
0.595094591671302
0.680815471878104
0.493281518290447
0.631591073523712
0.58604473827008
0.604364077460054
0.86856349158877
0.609439630314704
0.378593964462317
0.350236233298959
0.229907978827962
0.237955669087287
0.699067812094713
0.492170787046773
0.316213640504499
0.163615437966679
0.591148512268032
0.191551618593053
0.44915765031548
0.468889709684649
0.340988867521732
0.199832150526273
0.206069780025916
0.44461167791455
0.330013254532089
0.363711616756766
0.348261891674645
0.213544552793421
0.705982739186291
0.423990540328940
0.521654775887855
0.511991996976643
0.513974296900619
0.435535421509089
0.688135933148473
0.471455762701848
0.560008467954475
0.446034227246357
0.42123600683033
0.486847358686974
0.468671515117922
0.174309175854402
0.370370310090827
0.204689040512933
0.423188042397584
0.126484710278569
0.231609033981402
0.0520900916168049
0.251200289881266
0.350437534154018
0.577172667851046
0.643530190003005
0.712294748194525
0.605302121583725
0.727006055252963
0.520003373413815
0.265093163688552
0.149126188902982
0.515816954678535
0.326499115822859
0.368931307191433
0.381700931290717
0.393862615384663
0.230238348307628
0.434093032732145
0.300345618393388
0.615567768491255
0.524281401562561
0.371590140176319
0.300934352296643
0.274354297633579
0.270981926024517
0.336105901040388
0.215187351432094
0.520728619708159
0.290233861915438
0.48630724338265
0.495932156641947
0.320932615370686
0.578913182659044
0.344820278512578
0.274332213928353
0.326606510545972
0.518354572991085
0.263775598615381
0.261621804840461
0.227776220535244
0.726727426426273
0.468283118638957
0.537682330294917
0.462114931886159
0.67922077073326
0.558845866506302
0.151602395574644
0.463805380791531
0.336215242978752
0.871932128125246
0.625881677704149
0.566092157322771
0.317743146127262
0.202110290186511
0.583376916053011
0.364060337829919
0.803191430640615
0.627066512912142
0.535902721730825
0.609076250982767
0.471918088473475
0.479279735615606
0.500138533830704
0.273958118198724
0.637216561534304
0.646093403426596
0.647032364469496
0.48008252850356
0.489965027800554
0.922849708479634
0.226474534168441
0.508707329092665
0.411882021570869
0.202410333796964
0.318585431698937
0.416050249742536
0.632804875255957
0.380723008744158
0.447130637509397
0.409160829266912
0.492152982869949
0.692127248756529
0.0856319174085582
0.359504657723607
0.598744436181726
0.309755803510597
0.599915574465272
0.0305797386558301
0.42829036565734
0.58680767222849
0.680035666797367
0.692541498345305
0.629486891436261
0.305018162362529
0.56261444827227
0.639539365854324
0.63152354514016
0.534744460122052
0.309485282334519
0.237446080029711
0.544087875718539
0.525506312367022
0.466308959126888
0.746510413314054
0.661449437368367
0.300063376842095
0.629564923332002
0.257824267764885
0.459291641808794
0.462289007942083
0.475946030990661
0.347256731491440
0.298104864248352
0.222730740912729
0.608288150222118
0.616515522845082
0.28472233161205
0.531306754267971
0.224133139569098
0.375045139118797
0.416765990867397
0.0620834074399993
0.77935009785568
0.390449079093762
0.426827865374321
0.459942321318533
0.625715982630145
0.57298721167669
0.628402389059604
0.646742952710846
0.599658365904302
0.389896699111297
0.608254245526283
1.05064382703444
0.70225169549585
0.232407665153069
0.637811374505528
0.449026130388267
0.404652872041264
0.772907867777298
0.40935472641598
0.264620983007303
0.527862898412032
0.817586089547636
0.200033520461524
0.807320021577993
0.714613097842004
0.78548807433616
0.415199701941300
0.56610310939896
0.58131945454959
0.476701038190014
0.174207903622772
0.470302992237222
0.71012421852521
0.340028334218688
0.538646625033423
0.660986813581695
0.476696185316792
0.699701068961422
0.357076499340598
0.399188149493358
0.787676440016314
0.676181006237101
0.510498438459502
0.094097967771251
0.569527066973964
0.524476881711743
0.55847257655429
0.509763840197491
0.184803768019637
0.603681326821388
0.722600127574426
0.40490739707517
0.52651618927583
0.413859051859241
0.342119244996608
0.495282019318313
0.306989410345078
0.496444207576306
0.563862787262445
0.412333352347123
0.399058647537425
0.466537878555289
0.582938841395468
0.780171265955012
0.895775576592183
0.662279147846944
0.694024113581675
0.480618700733547
0.796034662261589
0.346417201979848
0.450442564431559
0.568350703019686
0.73106183155577
0.627998235109665
0.696722565353868
0.510884815150360
0.52265153033176
0.513078283724461
0.700193358767046
0.658644835720115
0.458354259596771
0.467248342680401
0.561289797475508
0.5986771204049
0.443478015343344
0.612981891099132
0.650529959439403
0.425068302035762
0.484758983650699
0.600450574934951
0.58210415275314
0.514414238294466
0.505915292105268
0.432280837581196
0.342723470033291
0.267134013343991
0.785689400758744
0.59070228640477
0.258564461622445
0.611311808791177
0.557383454018843
0.516398345988843
0.530084239391365
0.501976630233387
0.499290317845196
0.584349860141957
0.800812681086061
0.643153827427693
0.667093909642667
0.567073228877856
0.537725586467787
0.563373347327515
0.386382505492271
0.504176668219154
0.430966881496857
0.272314762495682
0.0489268524929335
0.267744012928987
0.192796229174141
0.117016418180174
0.185175904454956
0.707702257942552
0.307759234649484
0.330852738694925
0.597043562616777
0.224057307663929
0.237233622032378
0.441246372811261
0.356523989979637
0.302310485636401
0.243869383677969
0.465597081420587
0.603778097225397
0.444612463472683
0.324695248645658
0.644203945392052
0.537927613129979
0.631421164678577
0.547349919127702
0.686542878097825
0.695391182917547
0.366117482205688
0.64312637731816
0.190556036478544
0.365963722440503
0.519033129510445
0.000349035114351831
0.396496254073169
0.236145595526463
0.218133482514112
0.549954098615101
0.495236036616918
0.425093248282734
0.430729059530537
0.517553907551731
0.560607978997882
0.162145903882919
0.278196795438369
0.113687992671533
0.322222806789729
0.582844267303729
0.543616839494595
0.48954881102582
0.585520293936003
0.445990898855744
0.50177018020133
0.563067639894124
0.497966368934607
0.285041515968167
0.530161626549311
0.470850844698895
0.267693301389505
0.560011784081758
0.668091828902797
0.476015821345841
0.617957232450116
0.506614403499450
0.444183326969113
0.444391132293455
0.744712474618534
0.233438525454806
0.569021413525583
0.504747954980066
0.819005396766002
0.439346819980457
0.650300663245254
0.642936073707819
0.575941886160921
0.618604946581962
0.452695465049192
0.533512480800825
0.35177459032874
0.569740790682057
0.391334845115471
0.503954938474951
0.682369986162425
0.565097254240411
0.211634791381495
0.535989724383876
0.246430992185624
0.156471225131618
0.342943298795633
0.378535310676783
0.47401149580918
0.303360413165736
0.322360797634968
0.509375111621881
0.395264031501641
0.293301365498207
0.540339745183033
0.73275518901838
0.470621232202628
0.206195299051738
0.305986687062843
0.070327107884531
0.458760525083361
0.64722875677152
0.552001823380864
0.374576480494567
0.418180721987289
0.290514560409365
0.650258242147324
0.399648457166143
0.546571498605717
0.475716023697949
0.490877179683088
0.469133903738934
0.552226092190675
0.0787039695950891
0.422815052587146
0.507634038708153
0.579354037453583
0.400480345235361
0.105177092928054
0.376715141080879
0.524990864011548
0.517499125433803
0.275545425029258
0.634538294823966
0.420136726461308
0.0370214012243835
0.348845402892
0.234901555647378
0.345560448978136
0.650346618453182
0.484536829388302
0.423095628318179
0.453935242883895
0.531621873822938
0.443176523523756
0.564258214676756
0.664761188249458
0.389206454784097
0.440286810415507
0.492244017984773
0.198974255715556
0.37640481813957
0.38148705087803
0.304954310294043
0.644388069565963
0.239560457977108
0.402090186042685
0.185653531011902
0.362336986039649
0.332572620531368
0.374665430001197
0.270249725719815
0.255699866747553
0.574986379756121
0.223122381445047
0.470280279292287
0.57673731361594
0.486605858135249
0.594761504282716
0.430067754009052
0.591433098692151
0.151254524754469
0.330728296704182
0.369494213772735
0.394732814193764
0.482230217938284
0.577234461412387
0.515783788513762
0.661992436011541
0.827297614057752
0.448034003162041
0.5947903901909
0.256549374676909
0.384685557720611
0.310539085534612
0.46997060785422
0.545428627871671
0.639100666177278
0.371112163450568
0.184344496693921
0.394227604296188
0.452943022656644
0.426909147840832
0.411952159719263
0.544120637246464
0.567378802376156
0.604271806544404
0.617622894033766
0.555426353755586
0.423785180865880
0.463296170446048
0.618052795812474
0.271085409116692
0.290218853876205
0.63425518727462
0.459447394245649
0.296821418445073
0.116494828088780
0.374643948766029
0.360487244655455
0.32546623252977
0.274300698467729
0.324966630294161
0.305914252950076
0.516353550948472
0.550336802077818
0.298120205253428
0.458420097118245
0.422584558193159
0.516808976086269
0.371389431666172
0.440321882101437
0.652345406901219
0.133968538660884
0.48627519574988
0.471089471372976
0.851685523884803
0.475568740264872
0.388726532422739
0.543720535030028
0.414060885761212
0.386945837559326
0.390655447741007
0.143331309710447
0.484070706247832
0.113906601675356
0.609627090775188
0.462256176655779
0.726189593217594
0.542194379179773
0.355449989121759
0.436993687723103
0.542568069061872
0.503936629440304
0.750303026011182
0.629094940882069
0.435949322372273
0.310936932957749
0.255759575969328
0.221922585922816
0.615224293481254
0.341739729598544
0.421671302735431
0.118645135392672
0.176794102021664
0.28835425269556
0.510693136145957
0.00970813995067785
0.202797791578817
0.368559552209714
0.220225279627784
0.147266603445843
0.420418850144581
0.692182826150815
0.720949515045975
0.728200902115028
0.350584968448742
0.695823100941508
0.407137849637862
0.378024947964562
0.482583070132687
0.476014127383252
0.454130294617936
0.702349054725854
0.673271357361272
0.454175651275981
0.464413165599701
0.63721525734692
0.468033273076635
0.590321099988794
0.486599309816433
0.550760556096738
0.567977129065456
0.387720282974795
0.387394348490896
0.362521980041968
0.452216107139884
0.40418147843338
0.910057602729644
0.584396045172698
0.689015346220006
0.569729746555473
0.492551838501306
0.591044412124115
0.58915388802953
0.47133163171724
0.422678237521929
0.384414777808338
0.311324132236997
0.428207581483747
0.151503782379808
0.239769481576362
0.566904370926264
0.562085337171002
0.347933112837182
0.601447627411106
0.448643886012659
0.166111804637386
0.621006503305246
0.519607812320623
0.610983095881785
0.497340753096034
0.556174539697759
0.76838060002426
0.633889124707933
0.469950708368496
0.423414646016726
0.489361052975892
0.564072107364990
0.678188747149026
0.393275266895863
0.984810266869998
0.683580250729629
0.442467224583579
0.535655300129534
0.701774398016855
0.577069348247477
0.644877088300375
0.442606228064728
0.600271585507997
0.574452274810802
0.545375531950554
0.0982920829933834
0.673234836182646
0.602710098122052
0.346706630771029
0.405425502745832
0.378618933418332
0.330553565597366
0.275922964505006
0.255640279509798
0.174968458988879
0.536607317186536
0.502353806018047
0.352450581776713
0.387151257432781
0.316297592014199
0.522736467095874
0.531897574627501
0.653750585202397
0.220671686594633
0.252972120511462
0.342297121843190
0.598223494737639
0.431563708828584
0.298570335913016
0.675966781268312
0.400446692514876
0.207029909742811
0.366567039126746
0.425730678742121
0.621632284262564
0.469223400926373
0.536908389145745
0.333676315713696
0.605353050749474
0.445080394594305
0.381924583032491
0.556002146963436
0.38329511279956
0.432551712456388
0.507246622026033
0.579628399920469
0.247399946707035
0.612758646245457
0.317767606365726
0.568243498810132
0.488794271265382
0.567755106889647
0.537569167546449
0.0167979167790963
0.419481582293867
0.257837578407477
0.593065741096896
0.562213047784614
0.42753847281899
0.630123639969001
0.498454981017061
0.733054981103107
0.369223895880991
0.728771625354837
0.505158387379506
0.311673849417902
0.47296238341308
0.530721206329177
0.192142281736593
0.455264881612153
0.481157811145819
0.534659395616764
0.617330087437731
0.4770515611634
0.528506339975256
0.559466787060048
0.192028509423985
0.459121776512918
0.0965461792231711
0.533116311023774
0.30842883924084
0.303888987590908
0.503329955578506
0.404943988895323
0.297342918272733
0.189045375574207
0.475384394856107
0.366063880399101
0.125680508165859
0.375073567246310
0.265886021451056
0.222256229980841
0.503969846598687
0.294326948000545
0.67466227440705
0.471313140791704
0.935053962937782
0.379556216616302
0.7637673091726
0.499151014623164
0.533908952007737
0.496879124104539
0.399324904584237
0.620275111199862
0.449144911787591
0.603770471169346
0.834517921752689
0.467555880852391
0.455116425511094
0.477512402790869
0.70531031112231
0.615557222832693
0.645449463684341
0.601084923576608
0.478463333480751
0.509015213846062
0.469383258834246
0.455505845731949
0.582644652178702
0.555955217020281
0.622976592337811
0.485688205575908
0.658112411195032
0.219852453518627
0.550153712882423
0.571271497172085
0.419410215395251
0.653782087529544
0.508393594675336
0.792967500651677
0.446520537268842
0.630099499608319
0.507830512669713
0.73477752626161
0.236600504258361
0.593524726469227
0.593973072173077
0.441840225282905
0.666819119903334
0.518950971660286
0.249229041225102
0.310571895193682
0.262701251797312
0.405247143486287
0.48904072197675
0.525326249991511
0.704981189725155
0.335500160347076
0.505622166568582
0.197285459642096
0.700412671649663
0.594828575671607
0.62853592247324
0.625327273377107
0.440762243076127
0.256653325281865
0.628672795589934
0.535087227661942
0.138862945977207
0.268901770216742
0.641237632438999
0.420257029030378
0.427569036956307
0.559091154048201
0.534630572804709
0.104466363600476
0.123482731017583
0.5921039318813
0.554513837669141
0.582604870535888
0.463069861423375
0.697939550081094
0.557140476241857
0.445202119270422
0.646059558953646
0.453264176066224
0.307902124151162
0.259089331439358
0.211923393002429
0.603905959713281
0.481956628108998
0.617869686824893
0.741974911397822
0.814822491006942
0.456671517550427
0.342618746583324
0.256972835164640
0.60574130189631
0.222294423849081
0.22979527520954
0.713835163800518
0.494271183672181
0.223524056208499
0.410359182978399
0.519454621000693
0.459573735635197
0.334252586337604
0.898242816450488
0.300382375459794
0.271705282998276
0.392226475938427
0.692548642702081
0.69126990747616
0.483263195201792
0.338200996649118
0.292710720609090
0.418894426190275
0.430929129088436
0.612715814887274
0.336594927871762
0.367329779013795
0.568875231342671
0.541286604986971
0.470435636220064
0.3860085894974
0.425400853534306
0.543110816674238
0.423165281253121
0.299715627552528
0.60856543672037
0.310910813117106
0.652700798997066
0.677159468328716
0.268539390099876
0.338111652999358
0.346512451086395
0.481596002597041
0.468689702808272
0.599628042155644
0.667929604641064
0.334514504556877
0.440089992329375
0.702771671623326
0.652957443632375
0.786890821953723
0.332195324002670
0.543957108858712
0.629644998746266
0.293043890793693
0.808107440219563
0.571660133126299
0.636735687562112
0.585034662535094
0.511296969819321
0.478270145729026
0.505637986496992
0.445555719535521
0.439380975277715
0.629975480698459
0.45889917598741
0.367480742811204
0.355658290124639
0.841740249537883
0.580900210805066
0.57315202781123
0.551885410009892
0.708127797186968
0.354282128905804
0.646142876528174
0.626301721667823
0.501337095038902
0.55518831612205
0.894241400255962
0.494425771719439
0.555021281652344
0.553905879853841
0.69918453623424
0.62736427862806
0.288766261030733
0.699320910547316
0.679348614058993
0.515107488706616
0.263639617919918
0.481686490802625
0.8015711978899
0.502113730576108
0.490773524700033
0.706452045035796
0.403743038702657
0.266336773058754
0.594879839653431
0.515011038713874
0.494890048470388
0.606403180303553
0.498956146479847
0.638011126551964
0.084569362414392
0.283851993301760
0.466048743302009
0.221190878198746
0.203290468720660
0.784795031897402
0.445452477046832
0.634217191087918
0.22146469188044
0.496746246139236
0.792880563250926
0.555870691520104
0.343221141000043
0.238883307151752
0.549486725626526
0.50865035125828
0.148215822405410
0.472560580796315
0.517661316849122
0.652626866658167
0.409564882692971
0.438813941010362
0.326277484412952
0.659006320588924
0.464959023727555
0.426900757367827
0.492255366978763
0.519586301097067
0.583756885505823
0.395675641835465
0.231010658875956
0.695149443465792
0.548849979310246
0.626514027991704
0.39169453472327
0.465829598889707
0.128021191803191
0.306672194897583
0.593163550472925
0.328096619594708
0.462288004668247
0.320588789480174
0.392870154127587
0.397157291292887
0.14515244174615
0.385039093976914
0.595032459195679
0.380508741330320
0.327910144335827
0.569224617456765
0.518851424174016
0.226176402567362
0.610685074325441
0.705879915334472
0.326857947259924
0.400557583418771
0.514516609143487
0.349492821484873
0.319586508816774
0.210411410326782
0.624384082812595
0.557627092591616
0.628912708121278
0.493117148239093
0.673795555420996
0.58526678032103
0.55123125323352
0.558083276895791
0.640120929304289
0.715735704022061
0.198121297189517
0.385747884975488
0.186695141616787
0.528587669471737
0.358113231048304
0.531980710905021
0.641892430057613
0.450801772213652
0.534766366707521
0.420041410447007
0.367918805898008
0.376075130435246
0.500311743282028
0.325279176799513
0.221357106639245
0.356174330575117
0.368569579294347
0.569437257575059
0.609859719549101
0.545192404711513
0.553982625776281
0.294054489122849
0.487923212021051
0.682626358201878
0.637793042356352
0.425159175379097
0.527834120768794
0.514037727256385
0.561541261783693
0.368986701774725
0.430918521371806
0.666881059932457
0.536311577262723
0.396919324898468
0.668305992521073
0.441158708260470
0.545272994091717
0.553947082279446
0.752571656102657
0.703988312716359
0.638880246471984
0.759301058949139
0.446326437081441
0.724977815541786
0.535693936679268
0.186056970858983
0.552513255119452
0.057246446147661
0.488148318836357
0.59465095761785
0.460915836409469
0.666849872495849
0.322989103845055
0.464924070572733
0.66131062402606
0.469738208167247
0.715248808852862
0.402162708023754
0.456555291115559
0.513616204615535
0.58124865090823
0.414158647936988
0.528796908578497
0.721343478885448
0.445526720585174
0.457289586800276
0.259747417225627
0.588455932497198
0.174336465909134
0.327136130536431
0.658329605326571
0.527852366102266
0.347507412155494
0.737543089413483
0.547001702060654
0.677806370066402
0.437166656600573
0.366900234049201
0.286443205350329
0.403883871467484
0.373414190966554
0.581954358294954
0.651547917770641
0.530073077560889
0.110632204516341
0.387209579670099
0.567785423865208
0.310343411104166
0.478924195778535
0.627803850651137
0.713711379780695
0.324277169995299
0.424573267006766
0.442467651886865
0.335615555555441
0.445967931696463
0.272699148198691
0.632236448975958
0.95794710465986
0.503512557284965
0.479128369222465
0.694710727164125
0.773824794821955
0.501481926969846
0.627092858127766
0.496895759133455
0.389053434625441
0.614782505684574
0.398112587502274
0.512637483955365
0.405155012470389
0.468516171368361
0.341454442257076
0.278432232777837
0.372399449361806
0.406019909114787
0.278862071302394
0.704523532534319
0.452404224787748
0.054512764239066
0.17172505845091
0.43826034216259
0.384157146842331
0.415733764310723
0.514146470332469
0.354627236450548
0.523469615883345
0.287451694971852
0.627138797524026
0.264211706829551
0.397275206577859
0.770994782942868
0.530370703843746
0.588795262678061
0.404260371706948
0.838085324302098
0.367364378324774
0.291023461392969
0.600404179054716
0.434143058975165
0.0575222274998012
0.738670639591815
0.56590536328387
0.465453138463916
0.464501970689457
0.186274664089646
0.259614318609273
0.528669331858968
0.374869635819794
0.716381786236754
0.792838907534682
0.503948890227746
0.413773661441418
0.231954257879954
0.533069128229838
0.453530092937389
0.593045322638961
0.173574430017204
0.72001871635479
0.467175886130362
0.590322949623455
0.610845582893174
0.5712807259175
0.522695606504356
0.423382976896759
0.60691187335913
0.623512149796475
0.579550178043443
0.806367191854047
1.18259178162485
0.511492287948607
0.533404952034996
0.484154511539877
0.561375539645491
0.419785280019569
0.634060781621496
0.388920316222088
0.154362457366961
0.353429772279671
0.065489781486081
0.714877226481269
0.574659345328358
0.572600440648327
0.278361372888539
0.111991246120753
0.278829169880587
0.302262807593164
0.555828660360162
0.611528822035705
0.338546853077513
0.265286093238562
0.321460901183768
0.316167874884937
0.356074203877895
0.714052358871645
0.318338202659039
0.508262438985948
0.438047711030972
0.631598702590224
0.572536548975747
0.571461433154622
0.475073510685522
0.252978266117185
0.502341663747242
0.522113753490852
0.343727216810629
0.454053831723167
0.45439091958697
0.371739633686013
0.638923027915627
0.479927414303936
0.343996344345677
0.454312051763803
0.30936492075844
0.738352955020703
0.590000589392291
0.388122831993083
0.47548651145791
0.481411761765161
0.521812735918123
0.6692343865283
0.550014670992128
0.697863646936928
0.708918545786417
0.95806053415725
0.399520549004191
0.83717918382456
0.437918855129839
0.748339751243165
0.69602246971488
0.737712429887983
0.561459332336659
0.551475003793684
0.534268760417311
0.456160138282033
0.441354112924527
0.435655246898459
0.446214999518945
0.743242758714156
0.962433513960257
0.490514800066845
0.420701494572915
0.74144799853967
0.511719259419724
0.702082129505646
0.563277705611992
0.623338063608703
0.619863565123532
0.411952880664534
0.532925723161905
0.563214499240486
0.513704039641518
0.592962486924168
0.506096482277014
0.665764130603409
0.723030078844129
0.408885019126045
0.446629132664621
0.452665112107694
0.515696738898045
0.735479364912999
0.284866472692712
0.531060417444428
0.488727052179418
0.476043306449221
0.540653629977635
0.349714298243533
0.67734314343874
0.608334804669095
0.553857589977778
0.127977873522279
0.386148658995309
0.346331621168061
0.316160340169487
0.120098720716198
0.598577305346216
0.508511330018892
0.400438272518587
0.323254512912885
0.495234697969718
0.248768132090028
0.415514787933423
0.423434952917226
0.719530543551451
0.624243087322667
0.0657508561181022
0.0308223257200953
0.577749497302954
0.348548081270788
0.331386197760277
0.168098435641153
0.482911268756096
0.622018281080159
0.410864026006233
0.427725064024489
0.382003088302816
0.444253120542848
0.403106813049021
0.288976976202340
0.650178322559486
0.707592936121114
0.411289429631395
0.642349617134802
0.554195871358924
0.455482144685352
0.496367868502141
0.420311718525043
0.421052693833609
0.32863719363246
0.531694937062566
0.407620297217613
0.582667355440291
0.63326553761402
0.383091805312795
0.64150516856907
0.435514653038895
0.46293736190739
0.331382229029134
0.5670731048411
0.453411606634231
0.640570798464247
0.279839004753904
0.532758245108794
0.321577596766906
0.429215352752029
0.194240842744487
0.586917280673373
0.362238873761771
0.331054308721636
0.145981884325627
0.433100408248942
0.451584070476288
0.256606555678436
0.4755447889481
0.273979601478738
0.157600610752601
0.219302814160841
0.540758441931767
0.198210956066567
0.548144182886838
0.497258325539946
0.408937890643108
0.373105322902743
0.485880699279733
0.328195509212338
0.309376986638634
0.566432806328361
0.582163589711113
0.323466558976137
0.272554350587110
0.298890907712754
0.828429554038113
0.321241230954288
0.370038708524307
0.108571318081278
0.550390592067077
0.389336260347647
0.151572440969031
0.742456279873998
0.66195719635257
0.79384924186181
0.601010055961756
0.552841411114048
0.173766045994011
0.444400460081238
0.49668729628872
0.379211322300128
0.56276900240863
0.364703360841144
0.564510101280879
0.626444421052474
0.82347218483366
0.510816643263637
0.47219504822817
0.621110243893313
0.525523307739681
0.63123196546279
0.479262441539118
0.207020377721230
0.415947249305875
0.677024349769777
0.28891078470699
0.497207955551791
0.397514579604996
0.539897118021568
0.707872643764929
0.555067611158311
0.636772967595452
0.337003750219629
0.71677090621329
0.629961133594366
0.593318872403936
0.468006919056182
0.536840136222282
0.402359918160871
0.633399467348831
0.509439556362346
0.329927924807753
0.445000004549475
0.321591601372846
0.267902733890340
0.478780189048924
0.56382541515611
0.676877971637375
0.716061463694693
0.44649487989857
0.591033694499353
0.341762768455893
0.83694008098937
0.574422809612076
0.428601082335296
0.514896411779496
0.560287185970087
0.372008918455159
0.238261940034102
0.598223195618527
0.761520753685555
0.633052638526757
0.408972288295711
0.678693782311023
0.506182402929264
0.4351259579859
0.526806361536206
0.459571350815465
0.386004712293125
0.424189403007829
0.533131186292219
0.890230970917417
0.265610266751541
0.511035176879303
0.182423232915678
0.511436859961817
0.519611642645728
0.402654990512667
0.240110972795006
0.569170284112885
0.344606816794144
0.5477767577916
0.243337994187900
0.419414678321817
0.529487606136103
0.398141357468554
0.376200082248221
0.58800176985984
0.244508394351846
0.390319104195384
0.188870245418939
0.256374224888920
0.367345330168858
0.457738920801635
0.773651728696217
0.68921833329058
0.306341692994918
0.43637521614986
0.519738856271886
0.465118770628105
0.397365601138335
0.56680444207842
0.563910576123253
0.551405078859913
0.485837853728249
0.592414525681747
0.577770962119213
0.380157619583844
0.290877348561374
0.521754180318966
0.231605453014334
0.423259869898979
0.627478260566593
0.57597211241416
0.474672992784925
0.64003728333174
0.454111086010352
0.566882567676865
0.359976689381482
0.747236659916893
0.508507450443310
0.589869610649472
0.290071770020592
0.512196746028276
0.495762669458134
0.194915632591814
0.33916256907742
0.474640193625976
0.493038508944736
0.468075018056089
0.406165752172162
0.32393641858576
0.543082493482078
0.156720944076046
0.279490242487637
0.499006428000604
0.457739897189678
0.401329665587645
0.437057635305906
0.397818620406622
0.514988635661156
0.324988526991632
0.457638445739035
0.228547859389058
0.510786053018904
0.865105779371328
0.523250121062058
0.729007780519789
0.456632254333125
0.508923590635488
0.448228517794147
0.120815699043502
0.502658167904868
0.565637974719463
0.410137911574679
0.601233772846633
0.218459579648233
0.471437240001955
0.314645345216126
0.456061984429498
0.224332421707825
0.282636199826669
0.757145554540863
0.390356942869722
0.265733197552949
0.362004673280773
0.246589961307759
0.254534407327091
0.855847059734426
0.716419253529712
0.522130575846056
0.619682498463566
0.529223986031731
0.433570934419414
0.429516153824718
0.502869174863977
0.243495120850913
0.410998329869567
0.419572581630381
0.753558420084794
0.575158475179063
0.432932777700315
0.40926154772473
0.701262700185578
0.530187588867433
0.709333117891831
0.820932791286525
0.416105882739082
0.290443853686455
0.68905168322838
0.526943470344797
0.636196053124576
0.748487896414029
0.473196846026158
0.639413773935157
0.465317959807059
0.421321021900757
0.324038604874446
0.151935332823119
0.454406214272917
0.717247807696876
0.648050411544643
0.496805076895344
0.350416722272483
0.346912578808855
0.514035636677068
0.477943227628471
0.481140434109589
0.100642072394619
0.518929674194909
0.704021024321379
0.249125231645517
0.695636604440919
0.529013205420299
0.498624918158672
0.599961010884998
0.589722141829281
0.410662859881363
0.659775656466408
0.537527608297058
0.622259022457058
0.601608944784001
0.517050325445678
0.43877922338673
0.58863616814143
0.693967919743189
0.697490275990346
0.663266610063409
0.613962391700815
0.667813811662211
0.707249649413035
0.622423922438313
0.777988359687635
0.463398318581012
0.689623841947735
0.705302736436186
0.783275529814532
0.74978230606151
0.573896828217933
0.753096061854481
1.09225841083001
0.768684095045922
0.518905816733163
0.645427232984303
0.562149686306247
0.745650161542278
0.684831439360434
0.392513437745921
0.520064765024834
0.645057292886248
0.700247911915052
0.566665983085174
0.691385917533346
0.704948061582328
0.734237516574098
0.588268464635139
0.479782288211219
0.604342997896562
0.37865303804803
0.455563672125293
0.148586026377204
0.395953946959879
0.485483145806037
0.279634635556751
0.468214746224404
0.536871116557761
0.4389375349003
0.259121585965588
0.650669584397991
0.0734340168617083
0.374393728504046
0.451004455762457
0.312953901136667
0.422878326922114
0.601477191575796
0.429657050931978
0.0108194132101837
0.304760847637214
0.200074449273667
0.478305818028066
0.284925003979960
0.545204397109658
0.137478922702146
0.440213021289677
0.195354395565208
0.173912851808211
0.587828198144128
0.433728153500965
0.530375108244655
0.0662961186485843
0.256608009611950
0.736785273182699
0.278986974033882
0.143818732577586
0.545872704884379
0.624178117228937
0.741896655937824
0.38509548065554
0.71782650346822
0.253686221682997
0.170604768538702
0.239095663545708
0.315078484526627
0.448361640384448
0.316289473965949
0.414536562459804
0.459008784831174
0.498547218247879
0.259838624604718
0.5954905009641
0.338705024646709
0.55003271029743
0.329253872206366
0.413023103490924
0.312796398880773
0.552203995289624
0.386648863169702
0.240594609275197
0.423082963035586
0.621534961495615
0.461059532534077
0.503432596907566
0.308957140853019
0.197467809976349
0.61183733219858
0.652964996355798
0.361239303852563
0.0866128980876308
0.439596676939445
0.55993162794009
0.614400943144911
0.478592056355091
0.171302511339301
0.556530579880762
0.616686450518942
0.307863820650193
0.167378174778165
0.603547773413036
0.60759141664018
0.320629922698258
0.329412940904648
0.524055808836055
0.668254677568748
0.563290599248216
0.363361535327815
0.213458872332522
0.550893699830053
0.574736943351
0.242929417273303
0.0304798925543271
0.411976206069588
0.512920032713401
0.561130959352657
0.38792078855657
0.323994801696624
0.708609046857806
0.558590587925104
0.249864767802663
0.539183646979063
0.404204278475095
0.215345524883013
0.312363477082096
0.556203824166446
0.428265030746112
0.509043489791738
0.295471449241571
0.317307073408683
0.439393685443706
0.378041352274909
0.491470732096862
0.746110033570314
0.284403903420130
0.488427031030951
0.449119843040678
0.733646385034444
0.328332950476299
0.391356889123093
0.590891223771693
0.354131929993688
0.655077685589659
0.432149326794905
0.568960884431216
0.133787089772507
0.379463395232291
0.171442137701391
0.283558723735575
0.334225125255144
0.67804342263668
0.240278553248152
0.162833833016012
0.160459965988892
0.411374869846089
0.955156243103457
0.644965051260485
0.618548877277621
0.299384123048493
0.372257013542761
0.327384811552106
0.606455630967767
0.254399331200943
0.432102680694287
0.090252407987291
0.209500286265846
0.38253074754602
0.274621955676005
0.535964254112376
0.509053057377749
0.389426653011558
0.496826479151673
0.151127004761631
0.446507112131525
0.458137255927603
0.291753605158084
0.186078330024090
0.432496384725303
0.228155515086725
0.28902496242128
0.253141491345319
0.296725845713077
0.623251080001009
0.693693028183265
0.329158760879186
0.549942680630129
0.548944156141542
0.383991179602205
0.362747528734845
0.487153234546712
0.116674286333938
0.131424718306048
0.526214421687798
0.30143010248877
0.442512817871841
0.736058382402996
0.38985346927602
0.496885650327122
0.415898413768974
0.717941982146928
0.679058965553326
0.506925146306147
0.499672738490486
0.662360509191859
0.275766770066825
0.347678764842192
0.458763183109017
0.176538277962044
0.193055951326623
0.433386211271859
0.346233389827963
0.755054325023053
0.68321880880612
0.360598040507492
0.78728701159087
0.479884254132114
0.530695928159608
0.625194391383203
0.704455040406893
0.74872782844758
0.450461835964213
0.569949906014358
0.450458714766293
0.63470771266832
0.554765495429362
0.491236869645898
0.677524764898927
0.466396283134903
0.447495685109332
0.449052358991696
0.500486206447701
0.373176973082158
0.523212351707509
0.47106995342996
0.440916910682634
0.60529113128035
0.553075036947895
0.39481290603505
0.0992943124161436
0.387013735949541
0.403166252188341
0.532846731069406
0.724140681506672
0.391965095387943
0.170393311410923
0.99418178516174
0.381188020549679
0.750523709339786
0.593418189459689
0.522807835736716
0.731148951383182
0.309801633087042
0.245499543484127
0.85026800601315
0.357182506470862
0.667986545493062
0.675220361646715
0.787769372113031
0.519932021178491
0.819546150723456
0.588933903130552
0.654845549577246
0.596009639966352
0.60564537944585
0.644066398578463
0.295703645948286
0.488110011084568
0.493736320317321
0.370719496765705
0.317404195163743
0.254325688741252
0.466438106476886
0.463595965271756
0.421705538214473
0.528594649315678
0.640867873535314
0.241549942321930
0.853472996322197
0.802309754934116
0.552539823914145
0.703340660011791
0.355224100359637
0.676263457487514
0.350723393163144
0.407996610293971
0.426999437200151
0.168983363507657
0.146464280132807
0.288474720625446
0.395364255607272
0.419508757853502
0.414347104544707
0.117756906279261
0.674105311491437
0.568718352950285
0.512722462232939
0.452422057981753
0.509985470722233
0.588647452179437
0.439054671268319
0.824875563088718
0.338988420292792
0.381961128113804
0.239760552059955
0.664271436317074
0.769746443253927
0.67919535283539
0.754830463758836
0.71456485530411
0.354983307599956
0.770179243226208
0.48488160005841
0.475853024405987
0.491881291021569
0.635417253950154
0.383898097055441
0.44709882671171
0.350646720396656
0.554589592162858
0.338984615094516
0.343046292674001
0.333471088621778
0.613264752245777
0.521869757413977
0.547115570120094
0.386317393121653
0.560958899880402
0.366208877368021
0.409420626568730
0.682051468151842
0.489949493808858
0.583466016233278
0.68510204407074
0.428132876172987
0.672111435091842
0.84200090624977
0.788751814558088
0.499689807710706
0.561980311413045
0.594350956493578
0.361327563139034
0.544865000722783
0.450261077210848
0.218281679348721
0.573529669496933
0.553157189043247
0.551808654669893
0.305650603358881
0.346950590907395
0.655325659881063
0.71706181309306
0.60364825758834
0.46551663995504
0.707480159982321
0.587514658031206
0.577117557927928
0.429799401946576
0.89790774214925
0.748308083949436
0.613605614638983
0.530956354010724
0.381789695355586
0.852551036124022
0.600140715264294
0.661478900288428
0.857959368027459
0.685388068595291
0.841576683763052
0.571706423888811
0.874396744081981
0.650396551235805
0.507359417814872
0.581687841387886
0.54995058877385
0.304083554482248
0.452198789530501
0.558071243562654
0.355002056440217
0.345309751410138
0.419168989346629
0.725190620472062
0.573217584793347
0.719211797453693
0.71431604081352
0.82828248093688
0.838989485424108
0.663155754337814
0.61338258031384
0.64393800138278
0.680797226329467
0.440842740409896
0.796855697180272
0.638163017077862
0.813197331789271
0.416874748153741
0.518029826008159
0.789955745634447
0.675374911296476
0.44670024639054
0.704976718225298
0.513830911031687
0.522310334078788
0.537859493689298
0.547970945424132
0.567245359694775
0.487304491111232
0.508837455830187
0.430822438391856
0.504051389109789
0.563075966348042
0.301501320318177
0.120186008147329
0.20663033601582
0.410935708095284
0.0631404380135924
0.176520711640336
0.520535521347446
0.083615639227468
0.636433072709896
0.352482400652475
0.516588427397569
0.474597013314022
0.657566159507741
0.592861601599212
0.275450675776765
0.370749292350206
0.570635360464584
0.440121496584639
0.191736444262571
0.514534309188772
0.458018807334939
0.206780964796981
0.290917826030677
0.331225082919340
0.562926425589355
0.674478217006685
0.279322641382962
0.58753088643078
0.296389825821131
0.323260525701002
0.337390178052518
0.551255806260569
0.468845780058792
0.370660883463033
0.500274081824971
0.379229950283626
0.549017426377791
0.741512720781412
0.711553838183816
0.504739300906712
0.63630764249631
0.433397114272665
0.592350785963198
0.484017246222351
0.521920239569227
0.504564742746344
0.538929930867752
0.231438755902012
0.507375011601891
0.533550479374627
0.547570067284663
0.257835845321177
0.230171687465593
0.205164709117405
0.312564381207361
0.212746898770268
0.398046196148085
0.414113645796293
0.35269596491557
0.573331242902329
0.280245932163141
0.427314878145062
0.468685896353836
0.572816810082834
0.469605375128022
0.0450429287673812
0.329015980211236
0.435267540658074
0.552861958961568
0.713611953486714
0.613012551713704
0.542583553195866
0.448204944158221
0.546116423056614
0.608817685998106
0.389211561080562
0.833044338315976
0.633110055022545
0.391503450869477
0.692960254237103
0.589033725198405
0.378782613618911
0.68151028367734
0.960808585540352
0.627313182513055
0.272686334079937
0.769139876864326
0.229695376257706
0.5091492763469
0.73368129595378
0.591301794402828
0.863005631377751
0.256251844322586
0.450103426525764
0.322253978101423
0.428843180939579
0.613990150308683
0.557672857400202
0.362009640547527
0.509443422028093
0.509439316218371
0.380516009166180
0.744136906549163
0.611057889280824
0.552169809032574
0.665724774365481
0.588258830108382
0.58563786380157
0.576828296780321
0.60239063784652
0.58351080053739
0.334513272532369
0.275758476368816
0.691814321793115
0.416175532893597
0.451810722410033
0.495620018632826
0.396042523580977
0.552887026648987
0.186750338585572
0.597059530188255
0.271478722782562
0.217647693952907
0.302270708364807
0.357411327521017
0.262862024919907
0.0114518499761494
0.355907094336257
0.751427537936067
0.366811736085925
0.513451927145808
0.420656395164942
0.415854705453779
0.650415639131973
0.576546075220531
0.601536055285754
0.473840516938221
0.450949528924997
0.94577391719465
0.516746975323364
0.420525131712920
0.927816683919974
0.70595589638524
0.895175822046862
0.519456931055565
0.54614086598611
0.179269123458892
0.448480459481759
0.844288758378765
0.306196257662933
0.502481388068131
0.582972430145074
0.336764776587184
0.69744224115079
0.495886720024996
0.69381011634738
0.670835048510903
0.441152581641867
0.68844331237273
0.718274167981074
0.567647300124498
0.709079285802044
0.56073063583549
0.535729624082387
0.733237203858298
0.758165810048791
0.353090525335808
0.705803643835969
0.733168570640492
0.618077573920713
0.725267148832903
0.749964198409489
0.593933563129306
0.796612233562689
0.452926752798681
0.820384395681237
0.931943338678464
0.90309268665699
0.565234093660414
0.351792816800900
0.454992454361388
0.797111871396612
0.813116330524402
0.466703730342227
0.457083936810807
0.396321038403569
0.335361709555218
0.085654524064956
0.541609222868935
0.40928004162929
0.370915582454608
0.315635570841821
0.382197602839555
0.348173433928117
0.534269637460694
0.65228585337006
0.587652004451165
0.533073368703231
0.37980190696403
0.506030690294335
0.591758194997538
0.459202940327744
0.644591446608419
0.72297320080332
0.721878694822007
0.513401951676564
0.468792120554776
0.424709825785187
0.214303018836580
0.824088019027033
0.358705903557574
0.651685821735306
0.301636368311486
0.362093204114747
0.508641035652312
0.518947180408897
0.507909791339478
0.515707290983098
0.60015351140639
0.572873065526677
0.184876148964813
0.253308788708763
0.731689457379722
0.388818770779276
0.320470641624625
0.168295894690802
0.549042129180955
0.54882721916994
0.148393412635562
0.412154119303525
0.340951585540768
0.394195093810997
0.232594327480002
0.210594619274750
0.398662872297327
0.386867514440681
0.769375441499515
0.553338961066637
0.317569491463403
0.388858220075057
0.344934140626622
0.557189563757757
0.497246915280651
0.376833765011759
0.541547943960954
0.424179611701594
0.782870222461242
0.628218781661869
0.365617461629406
0.70814427987059
0.342440511866516
0.700506863252277
0.439720557765204
0.504627715570581
0.720104978310028
0.319688923440132
0.427324207394175
0.622926270795048
0.503319215294851
0.658279578799748
0.743359732511755
0.821160766202726
0.6968175382673
0.798821059302176
0.735406658737536
0.71073744629522
0.309450370752585
0.604222324980584
0.636626193235484
0.183800095928606
0.615662196943487
0.74446434252139
0.285038294096419
0.39724755352724
0.400838920781017
0.643609563800707
0.501031011588297
0.662085869472875
0.6185480611378
0.790193421668692
0.344355544620913
0.527177065621931
0.588919455614478
0.461418012364358
0.586663809520725
0.518614624719297
0.618912771645457
0.755809267065072
0.57952543005722
0.507361525013911
0.284036141684254
0.335794151566244
0.299819887504267
0.125298547543457
0.299896122778995
0.492539443450045
0.493912488302791
0.80523726318719
0.807735147699429
0.67371813679042
0.646845190683989
0.619706964750156
0.475122073033908
0.599968911989552
0.505823575022625
0.654828293975844
0.558860612737879
0.268092715242551
0.411651724030653
0.61387937313007
0.37841823001486
0.497545679334057
0.921968833137717
0.711165683118394
0.448991019966374
0.328386799039343
0.699867288067814
0.517577642156638
0.534208127649628
0.132646027851563
0.440484885070156
0.494139334690455
0.422749752737041
0.566956895492739
0.320492350427665
0.288533893762993
0.298509323804955
0.423136891249422
0.370219069013200
0.188068436265035
0.406068109349284
0.345038021603075
0.80375609284678
0.313939300933509
0.455362365987688
0.619757449541019
0.472623036858898
0.096426527164411
0.322455989533762
0.193193087260541
0.192138263892619
0.239493730479348
0.351838481632961
0.603342627819535
0.434499446107819
0.329130987285474
0.312334228999482
0.814821963604041
0.64351854107708
0.729737804090931
0.4066239495709
0.548367446301969
0.265025479526134
0.605667772906065
0.41483431040955
0.39228166431647
0.608432717552047
0.699840774727168
0.774428706088077
0.707599684321304
0.452638988324569
0.665381121425928
0.497385714576760
0.262679281207611
0.40690174214551
0.284359067826305
0.441239269107721
0.28967928797217
0.386580402388505
0.403221478048164
0.352257833278331
0.431304912888297
0.562028389240636
0.451443017281354
0.387190771806418
0.628668588134224
0.662475351146178
0.363824190739759
0.336794427321215
0.56492988667227
0.173709734727227
0.468681750220147
0.381390750674272
0.66767012624913
0.330133142834254
0.175838279825236
0.194862696236418
0.373993178291127
0.708771059355566
0.653465574861558
0.253128757823937
0.733460630097025
0.467043398073119
0.417720228246265
0.392906156646572
0.578024757153856
0.453541286813872
0.609049068382594
0.497037552450971
0.380224642579446
0.405790630155923
0.704790359616322
0.427594988772043
0.351437264227580
0.678185507510447
0.667779422475542
0.2172531912984
0.511241471166931
0.532889272559227
0.221202793989975
0.681533251693797
0.250577966246813
0.504847630357647
0.201368787997419
0.308571863507773
0.240992249311244
0.592674579937175
0.302329168350576
0.247234858786497
0.409962948778092
0.369292921530173
0.55439761626438
0.184976664429252
0.342413667703714
0.242334358816555
0.47043327900058
0.250940077234974
0.52499039403634
0.699787015427958
0.142652288434949
0.299454825028942
0.442266386245947
0.610892164662506
0.156336755727395
0.344521554976619
0.326055364136987
0.284633575068161
0.463106487498443
0.354119396248648
0.678346242614719
0.327803454394729
0.437993181639491
0.592268529198842
0.611448671656327
0.498768655119567
0.407371587825325
0.65689429345806
0.85185135454958
0.326858230633842
0.441690581875072
0.441273164571015
0.139217513000446
0.426742904296893
0.488945002417048
0.446398083042701
0.239770651470878
0.412969808761357
0.305626493336159
0.492899616155099
0.340597876591046
0.496213538909931
0.545307626002062
0.476166362439545
0.655420477015404
0.424837200940757
0.378164254101898
0.233678483042805
0.338946436071926
0.415518202077988
0.36945115320815
0.222609789531846
0.586266682602539
0.460809016051881
0.224078358661995
0.197265829209957
0.695806047599883
0.405818536814248
0.196874897699701
0.377408172642489
0.63170391449647
0.281662502576818
0.666183119522497
0.465595795262016
0.405145939643289
0.148153927000791
0.233152808506389
0.303383504630392
0.596644149952051
0.223852678459729
0.421555657655176
0.377656980871008
0.569687591123544
0.5350743623995
0.269243887866287
0.406066273596314
0.494120350816196
0.673084590415663
0.431385228972598
0.491882605373758
0.514297270161793
0.700973174003531
0.52152620390355
0.0859128223047457
0.598583135499488
0.356685669606742
0.323138796496833
0.178988581947851
0.575908508417776
0.461706329381165
0.462166979223316
0.451765384007886
0.270673955729151
0.659295841654488
0.509057870696765
0.168700009795602
0.405769491537309
0.414180555195103
0.346508110547399
0.598321535022559
0.502534754069071
0.415582188372171
0.331150956404683
0.325129421021314
0.172905683340142
0.517656239089366
0.350486150996866
0.591912685172927
0.296480297373118
0.2495051439065
0.245070997712990
0.524250928232418
0.381559683960348
0.464611834336203
0.421327136160491
0.0758790203242501
0.556241168039326
0.474369118071036
0.432609738912706
0.335542984564796
0.364718794152783
0.244285711908479
0.348037763543103
0.265688778461355
0.398225475834165
0.4877771495129
0.185945383174907
0.368704645397728
0.310884507228138
0.381250660392081
0.441589051104148
0.519216187739724
0.558615535944814
0.162842323074607
0.231018367496616
0.436941688613953
0.494978895846611
0.274194777613119
0.462011601216953
0.484384869452159
0.559186206101484
0.432363158787873
0.350958479615335
0.419317811206654
0.549101949269258
0.0414067732444857
0.388165408674356
0.69144888263603
0.446716767732778
0.654556963908367
0.234160720878720
0.535958082604837
0.939336266139546
0.550405926598364
0.310884580453075
0.675382890593725
0.570600294042638
0.629532000259323
0.224381318819836
0.550126798175275
0.624638103676251
0.606759367479561
0.258930505280999
0.224517296495656
0.299364897034209
0.464339526165944
0.550902433703684
0.628225604232836
0.481458315595142
0.172157594126179
0.401333692763497
0.248181546009407
0.608550440083366
0.521444348697945
0.489473176822431
0.558262199214552
0.89368843639937
0.680680570228661
0.33012256019877
0.59716811902966
0.697015189235493
0.622770265377947
0.921935627652493
0.585017270682776
0.429766781743153
0.800571454056965
0.35189811354074
0.630009343284287
0.420917628301944
0.782314206601454
0.53850037760848
0.484144244431437
0.482948249328865
0.511273551395903
0.424959731397014
0.694516547121376
0.21624252923567
0.645575261815018
0.326047436232566
0.556803440587514
0.432767871043725
0.470449901952522
0.320802180903321
0.417529295083556
0.616404436282401
0.590757379585952
0.470461735096159
0.543904202620429
0.473494891460785
0.389510488023654
0.348150421600346
0.412885435383077
0.583063498804422
0.483151497903103
0.54553438654778
0.667853120795597
0.607767350695209
0.492487489514869
0.727587211321794
0.562697002896121
0.423471684718701
0.536451754982763
0.280820872105003
0.466747903773118
0.470198694808284
0.213375396957012
0.704258506363477
0.463760136307081
0.422486017825789
0.552944011450693
0.34444377945533
0.350377677444191
0.428291358053528
0.378047036941489
0.309027340783255
0.453937658992306
0.249922146098104
0.454218342323405
0.609246151361559
0.717338285830146
0.419956042219161
0.359934110445476
0.70140046943673
0.170572629400267
0.459792240677070
0.354985060477377
0.766096546757473
0.191843233547622
0.596212808020718
0.446052692246452
0.407884233089724
0.145127714787863
0.549051061507495
0.372647280072254
0.412873253433005
0.259398876582017
0.61321516986278
0.294841216463915
0.358587147392452
0.354135978780833
0.741407625260536
0.505869563578135
0.353715716354825
0.306609622891501
0.309649613011626
0.306109292047059
0.303407460066432
0.581167954424804
0.258140154059526
0.413292970085867
0.507204920864963
0.454850523832756
0.250678226054433
0.307609948011522
0.391565239767435
0.277316279495647
0.310971832525133
0.648184833066091
0.381433383804890
0.529955657084304
0.687264321599095
0.371556369795672
0.276711337382885
0.538802275589307
0.534728805612086
0.336247883536667
0.407213970506598
0.496361830513866
0.436032593838218
0.494014258026084
0.530208228324263
0.532942384109403
0.656166024678681
0.611272659592178
0.424224041755486
0.39476764309499
0.489904768742161
0.617177592978746
0.340002714243191
0.695919827749818
0.492392730604169
0.178731079464193
0.458816081147361
0.0520365532596087
0.283357712497104
0.434584245251403
0.359111946627203
0.419699226787211
0.681248100253811
0.357190332564240
0.330108820181004
0.278812884064228
0.617081410389546
0.375690916926888
0.500258379840018
0.422200973238219
0.4455610840745
0.407398916813253
0.39522490404847
0.599416555737844
0.579512688899714
0.258631190957903
0.193641274535097
0.407159517012952
0.623628974701744
0.824822352220696
0.283026226058304
0.556437375367261
0.316981862245203
0.531507918009007
0.296104587031772
0.448487855270635
0.398421241664971
0.118732318981844
0.239312606236252
0.291969992733023
0.378721538583837
0.381978921747084
0.552373787433069
0.482217548621985
0.473591188607266
0.518840409748843
0.292506221076673
0.428499144399431
0.131983815912686
0.442087393806946
0.309527529227417
0.439277451478692
0.258727040764174
0.271035609819983
0.749337183770673
0.337898181208608
0.354591593155471
0.470474800102283
0.382768755667943
0.463494804904293
0.276074047770255
0.414281043064414
0.576553760596925
0.349003058489566
0.453791532837921
0.439442617421615
0.426143853195312
0.345076987629365
0.604458389065168
0.245307627534998
0.36488430204761
0.31671254566706
0.607247153417552
0.61107364411742
0.678498749222608
0.397639686067363
0.764943979918825
0.466629554120674
0.590914643417841
0.512267052346108
0.511676888074397
0.704605960544129
0.386755973780340
0.673305423012392
0.947937792886387
0.506678525377009
0.567631593293867
0.427820249255069
0.472686203499828
0.490084122585521
0.616931581105702
0.365345042691756
0.505054408455484
0.439083003946515
0.617320581599934
0.649278277410822
0.328592008454587
0.567892054398703
0.350316294323863
0.42212677854987
0.565856960757739
0.590848205863958
0.634763939874332
0.615684361811266
0.340469070774566
0.57671883965332
0.576382485834286
0.608903617325756
0.203983000523722
0.615288549280477
0.289297006876913
0.341972968333005
0.819139773747291
0.405788603823672
0.284542216086992
0.362840575840762
0.382159742925940
0.325696566711498
0.259592031698347
0.379900264121778
0.319990008441698
0.466988339752036
0.312091051226206
0.570452500904733
0.637941770258487
0.404287597144350
0.636432705045333
0.392635444683492
0.820893161218256
0.537849026968972
0.701787565825586
0.855959366073764
0.360301845176365
0.537506609792195
0.599399475513634
0.599710942610294
0.444404521498255
0.507026673695927
0.554248584444157
0.371909558933709
0.662601163844627
0.55969874295901
0.230273482639949
0.439722395301134
0.390680196485179
0.548492030804447
0.226489207431421
0.434460670432076
0.610946378493817
0.384171279492595
0.262211902807236
0.288851394018027
0.440033241699350
0.335106322351488
0.466001269870816
0.311420123771508
0.697610873273418
0.527785487026585
0.52115150055998
0.651111117261414
0.535588375362796
0.674835107461807
0.458184158151928
0.694647034615212
0.27313397343097
0.623643664628375
0.744353952830875
0.507934911920301
0.643478787017895
0.459812705985905
0.619776669434597
0.372058359368932
0.75642666080331
0.709624372104943
0.125583141012632
0.230988463160004
0.145946108157899
0.118926779731870
0.785057354871549
0.239364921553627
0.141281809412599
0.0688617029132978
0.100573787598001
0.402306856687633
0.280569668408966
0.573872675905401
0.400499695891912
0.300404543138465
0.251234666479336
0.33949164135652
0.260596153737905
0.164075353201135
0.493753537811782
0.379588554434263
0.595090539152835
0.566929234873375
0.262278396249335
0.428899681955221
0.257894345162726
0.373912676777682
0.460199508609141
0.729199547459269
0.647493006180827
0.572242103265432
0.186282895813565
0.609351565974338
0.428413476898402
0.222079153826585
0.500409058815808
0.43052276322767
0.401635690902262
0.653052907607088
0.489309893434437
0.44752195943517
0.205890972397705
0.421882421973168
0.431632174588386
0.671527418706489
0.7657572636577
0.516183555910872
0.347076754818199
0.217082658311999
0.522004272481406
0.354915837610855
0.423731614498472
0.259630164171439
0.466710431974459
0.24192544888178
0.59459408537545
0.497648603503749
0.469668082725091
0.55352991897775
0.497905532322858
0.481708989194665
0.233397459727713
0.54325446370503
0.660621698800023
0.489217069621782
0.448731993823168
0.402302852359017
0.560316066819758
0.275951460769734
0.266974049541326
0.248063317199129
0.492202942808809
0.123267812302978
0.81843089868649
0.475446955602173
0.554094063894404
0.301553333921312
0.598672914563527
0.485816402802625
0.455275290739264
0.580463223367510
0.403569960249215
0.658253539641309
0.613904243974394
0.207018772807615
0.458667060523346
0.451927289667055
0.456739859245233
0.530052518936871
0.601919748245766
0.739688836030146
0.441761817481075
0.262949980288918
0.519252460544304
0.467105453324431
0.424268478479549
0.326879222529037
0.457441977912084
0.331986397559425
0.254585632143309
0.368479552653238
0.307422084757028
0.553270620767208
0.345733760294256
0.383288739915814
0.528724592150575
0.481334262933608
0.563970012761131
0.305279349521134
0.700447053573097
0.610978691423671
0.597443038638228
0.281835184308589
0.439546590254658
0.527406276522224
0.218216215334371
0.429307833870799
0.705266382138915
0.373998097341228
0.659233637224594
0.716025544987873
0.898933905200154
0.703013132898147
0.246084504759737
0.602927811835587
0.334773183798405
0.572154214930812
0.460198530848186
0.284421546401463
0.291624495924926
0.549189403445270
0.418789174799634
0.510575375113013
0.118780094917692
0.401853744182531
0.656989738416527
0.364940822611495
0.468611644172078
0.419527146035138
0.438387589131456
0.392553516517457
0.416125666783183
0.252329767276622
0.395634922029645
0.530875789214467
0.372923405023212
0.650774780069038
0.448610353230963
0.638534497290395
0.774757806674566
0.591740861660918
0.555750014595627
0.435632072746107
0.513942073851568
0.433601106637257
0.373526986994066
0.220347097090683
0.314266649434279
0.609124282890612
0.473909278988081
0.643547309136788
0.40435714584245
0.501218285683387
0.505515750527122
0.317501528814975
0.243080268723266
0.370130395848183
0.632564107998278
0.422328634567322
0.650496523288052
0.208018594971206
0.394202773694114
0.151830271347572
0.321612065657077
0.339846259875406
0.399503281579390
0.449025463744291
0.455643642966393
0.360844642362567
0.320971494967858
0.404731372067902
0.203545174949265
0.50192390768319
